842  10616  111  194  56  29  30  26  8  4  4  0  0  16  0  146  52  4  235  3306  138  180  123  1118  48  36  102  106  2  248  417  1188  45  8  42  2  212  252  52  408  668  168  3416  1602  6506  62868  356  233  6630  281  316251  
187  0  0  0  0  0  0  0  0  0  0  0  0  0  0  0  0  0  57  0  0  20  0  0  2  0  0  0  0  23  0  0  0  0  0  0  8  0  0  0  66  0  0  2506  0  0  255  0  0  23426  0  
0  0  0  0  0  0  0  0  0  0  0  0  0  0  0  0  0  0  0  0  0  0  0  0  0  0  0  0  0  0  0  0  0  0  0  0  0  0  0  0  0  0  0  0  0  0  0  0  0  0  0  
0  0  0  0  0  0  0  0  0  0  0  0  0  0  0  0  0  0  0  0  0  0  0  0  0  0  0  0  0  0  0  0  0  0  0  0  0  0  0  0  0  0  0  0  0  0  0  0  0  0  0  
0  0  0  0  0  0  0  0  0  0  0  0  0  0  0  0  0  0  0  0  0  0  0  0  0  0  0  0  0  0  0  0  0  0  0  0  0  0  0  0  0  0  0  0  0  0  0  0  0  0  0  
0  0  0  0  0  0  0  0  0  0  0  0  0  0  0  0  0  0  0  0  0  0  0  0  0  0  0  0  0  0  0  0  0  0  0  0  0  0  0  0  0  0  0  0  0  0  0  0  0  0  0  
0  0  0  0  0  0  0  0  0  0  0  0  0  0  0  0  0  0  0  0  0  0  0  0  0  0  0  0  0  0  0  0  0  0  0  0  0  0  0  0  0  0  0  0  0  0  0  0  0  0  0  
0  0  0  0  0  0  0  0  0  0  0  0  0  0  0  0  0  0  0  0  0  0  0  0  0  0  0  0  0  0  0  0  0  0  0  0  0  0  0  0  0  0  0  0  0  0  0  0  0  0  0  
0  0  0  0  0  0  0  0  0  0  0  0  0  0  0  0  0  0  0  0  0  0  0  0  0  0  0  0  0  0  0  0  0  0  0  0  0  0  0  0  0  0  0  0  0  0  0  0  0  0  0  
0  0  0  0  0  0  0  0  0  0  0  0  0  0  0  0  0  0  0  0  0  0  0  0  0  0  0  0  0  0  0  0  0  0  0  0  0  0  0  0  0  0  0  0  0  0  0  0  0  0  0  
0  1  0  0  0  0  0  0  0  0  0  0  0  0  0  0  0  0  0  0  0  0  0  0  0  0  0  0  0  0  0  0  0  0  0  0  0  0  0  0  0  0  0  0  0  0  0  0  0  0  0  
0  1  0  0  0  0  0  0  0  0  0  0  0  0  0  0  0  0  0  0  0  0  0  0  0  0  0  0  0  0  0  0  0  0  0  0  0  0  0  0  0  0  0  0  0  0  0  0  0  0  0  
0  1  0  0  0  0  0  0  0  0  0  0  0  0  0  0  0  0  0  0  0  0  0  0  0  0  0  0  0  0  0  0  0  0  0  0  0  0  0  0  0  0  0  0  0  0  0  0  0  0  0  
1  0  0  0  0  0  0  0  0  0  0  0  0  0  0  0  0  0  0  0  0  0  0  0  0  0  0  0  0  0  0  0  0  0  0  0  0  0  0  0  0  0  0  0  0  0  0  0  0  0  0  
3  0  0  0  0  0  0  0  0  0  0  0  0  0  0  0  0  0  1  0  0  0  0  0  0  0  0  0  0  0  0  0  0  0  0  0  0  0  0  0  0  0  0  6  0  0  0  0  0  0  0  
7  6  0  0  0  0  0  0  0  0  0  0  0  0  0  0  0  0  0  2  0  0  0  0  0  0  0  0  0  0  0  0  0  0  0  0  0  0  0  0  1  0  0  5  6  3  1  0  0  1  0  
60  26  0  0  0  0  0  0  0  0  0  0  0  0  0  0  0  0  0  6  2  0  0  0  0  0  0  0  0  0  0  0  0  0  0  0  0  0  0  0  0  0  2  21  5  11  0  0  1  0  1  
0  10  0  0  0  0  0  0  0  0  0  0  0  0  0  0  0  0  0  2  0  0  0  0  0  0  0  0  0  0  0  0  0  0  0  0  0  0  0  0  0  0  0  2  8  5  1  0  0  1  0  
2  6  0  0  0  0  0  0  0  0  0  0  0  0  0  0  0  0  1  0  0  0  0  0  0  0  0  0  0  0  0  0  0  0  0  0  0  0  0  0  0  0  0  6  2  2  0  0  0  0  0  
3  0  0  0  0  0  0  0  0  0  0  0  0  0  0  0  0  0  0  0  0  0  0  0  0  0  0  0  0  0  0  0  0  0  0  0  0  0  0  0  0  0  0  3  0  0  0  0  0  0  0  
3  0  0  0  0  0  0  0  0  0  0  0  0  0  0  0  0  0  0  0  0  0  0  0  0  0  0  0  0  0  0  0  0  0  0  0  0  0  0  0  0  0  0  3  0  0  0  0  0  0  0  
2  0  0  0  0  0  0  0  0  0  0  0  0  0  0  0  0  0  1  0  0  0  0  0  0  0  0  0  0  0  0  0  0  0  0  0  0  0  0  0  0  0  0  9  0  0  0  0  0  0  0  
126  218  40  54  23  4  18  1  4  5  0  0  0  4  0  19  18  5  36  126  42  16  22  68  2  12  4  22  5  30  115  41  9  7  5  3  17  41  20  20  69  37  82  182  70  72  34  36  18  19  5  
127  157  31  41  20  2  15  1  6  3  0  0  0  2  1  18  15  5  34  111  26  17  22  54  2  14  2  23  2  38  95  18  9  3  6  2  20  47  19  8  75  44  50  201  51  31  40  39  5  22  1  
126  218  40  52  29  5  18  2  4  4  0  0  0  4  0  16  20  8  38  124  42  19  23  64  3  11  4  22  5  29  116  41  8  8  4  4  16  39  23  20  71  35  82  182  70  72  32  38  18  19  5  
121  83  17  27  6  1  3  1  3  0  0  0  0  0  0  15  6  0  36  72  7  20  15  17  3  7  0  16  0  39  44  3  4  0  4  0  20  29  7  0  70  27  14  176  24  7  35  24  0  18  0  
107  278  44  36  60  2  24  0  3  9  0  0  0  2  3  5  25  28  20  136  86  5  16  114  0  14  9  18  17  21  129  69  9  9  2  8  5  36  33  57  40  49  150  157  93  138  22  42  54  17  15  
20  11  0  0  0  0  0  0  0  0  0  0  0  0  0  0  0  0  1  1  0  0  0  0  0  0  0  0  0  0  0  0  0  0  0  0  0  0  0  0  7  0  0  29  1  0  0  0  0  0  0  
29  50  1  0  0  0  0  0  0  0  0  0  0  0  0  0  0  0  3  15  1  0  0  0  0  0  0  1  0  2  0  0  0  0  0  0  0  0  0  0  3  6  7  95  37  8  5  15  0  35  0  
0  0  0  0  0  0  0  0  0  0  0  0  0  0  0  0  0  0  0  0  0  0  0  0  0  0  0  0  0  0  0  0  0  0  0  0  0  0  0  0  0  0  0  0  0  0  0  0  0  0  0  
0  0  0  0  0  0  0  0  0  0  0  0  0  0  0  0  0  0  0  0  0  0  0  0  0  0  0  0  0  0  0  0  0  0  0  0  0  0  0  0  0  0  0  0  0  0  0  0  0  0  0  
0  0  0  0  0  0  0  0  0  0  0  0  0  0  0  0  0  0  0  0  0  0  0  0  0  0  0  0  0  0  0  0  0  0  0  0  0  0  0  0  0  0  0  0  0  0  0  0  0  0  0  
0  0  0  0  0  0  0  0  0  0  0  0  0  0  0  0  0  0  0  0  0  0  0  0  0  0  0  0  0  0  0  0  0  0  0  0  0  0  0  0  0  0  0  0  0  0  0  0  0  0  0  
9  2  0  0  0  0  0  0  0  0  0  0  0  0  0  0  0  0  1  0  0  0  0  0  0  0  0  0  0  0  0  0  0  0  0  0  0  0  0  0  0  0  0  1  0  0  0  0  0  0  0  
3  0  0  0  0  0  0  0  0  0  0  0  0  0  0  0  0  0  1  0  0  0  0  0  0  0  0  0  0  0  0  0  0  0  0  0  0  0  0  0  0  0  0  6  0  0  0  0  0  0  0  
0  0  0  0  0  0  0  0  0  0  0  0  0  0  0  0  0  0  0  0  0  0  0  0  0  0  0  0  0  0  0  0  0  0  0  0  0  0  0  0  0  0  0  0  0  0  0  0  0  0  0  
0  0  0  0  0  0  0  0  0  0  0  0  0  0  0  0  0  0  0  0  0  0  0  0  0  0  0  0  0  0  0  0  0  0  0  0  0  0  0  0  0  0  0  0  0  0  0  0  0  0  0  
0  0  0  0  0  0  0  0  0  0  0  0  0  0  0  0  0  0  0  0  0  0  0  0  0  0  0  0  0  0  0  0  0  0  0  0  0  0  0  0  0  0  0  0  0  0  0  0  0  0  0  
0  0  0  0  0  0  0  0  0  0  0  0  0  0  0  0  0  0  0  0  0  0  0  0  0  0  0  0  0  0  0  0  0  0  0  0  0  0  0  0  0  0  0  0  0  0  0  0  0  0  0  
0  0  0  0  0  0  0  0  0  0  0  0  0  0  0  0  0  0  0  0  0  0  0  0  0  0  0  0  0  0  0  0  0  0  0  0  0  0  0  0  0  0  0  0  0  0  0  0  0  0  0  
0  0  0  0  0  0  0  0  0  0  0  0  0  0  0  0  0  0  0  0  0  0  0  0  0  0  0  0  0  0  0  0  0  0  0  0  0  0  0  0  0  0  0  0  0  0  0  0  0  0  0  
0  0  0  0  0  0  0  0  0  0  0  0  0  0  0  0  0  0  0  0  0  0  0  0  0  0  0  0  0  0  0  0  0  0  0  0  0  0  0  0  0  0  0  0  0  0  0  0  0  0  0  
0  0  0  0  0  0  0  0  0  0  0  0  0  0  0  0  0  0  0  0  0  0  0  0  0  0  0  0  0  0  0  0  0  0  0  0  0  0  0  0  0  0  0  0  0  0  0  0  0  0  0  
0  0  0  0  0  0  0  0  0  0  0  0  0  0  0  0  0  0  0  0  0  0  0  0  0  0  0  0  0  0  0  0  0  0  0  0  0  0  0  0  0  0  0  0  0  0  0  0  0  0  0  
0  0  0  0  0  0  0  0  0  0  0  0  0  0  0  0  0  0  0  0  0  0  0  0  0  0  0  0  0  0  0  0  0  0  0  0  0  0  0  0  0  0  0  0  0  0  0  0  0  0  0  
0  0  0  0  0  0  0  0  0  0  0  0  0  0  0  0  0  0  0  0  0  0  0  0  0  0  0  0  0  0  0  0  0  0  0  0  0  0  0  0  0  0  0  0  0  0  0  0  0  0  0  
0  0  0  0  0  0  0  0  0  0  0  0  0  0  0  0  0  0  0  0  0  0  0  0  0  0  0  0  0  0  0  0  0  0  0  0  0  0  0  0  0  0  0  0  0  0  0  0  0  0  0  
0  0  0  0  0  0  0  0  0  0  0  0  0  0  0  0  0  0  0  0  0  0  0  0  0  0  0  0  0  0  0  0  0  0  0  0  0  0  0  0  0  0  0  0  0  0  0  0  0  0  0  
0  0  0  0  0  0  0  0  0  0  0  0  0  0  0  0  0  0  0  0  0  0  0  0  0  0  0  0  0  0  0  0  0  0  0  0  0  0  0  0  0  0  0  0  0  0  0  0  0  0  0  
56  83  2  1  1  0  0  0  0  0  0  0  0  0  0  0  0  0  13  12  4  3  0  0  0  0  0  0  0  5  6  3  0  0  0  0  1  0  0  0  16  0  3  60  15  36  2  0  3  1  5  
36  11  1  1  0  0  0  0  0  0  0  0  0  0  0  0  0  0  6  8  0  0  0  0  0  0  0  0  0  2  0  0  0  0  0  0  0  0  0  0  0  3  0  34  3  0  0  3  0  4  0  
129  216  41  43  34  5  14  2  2  1  0  0  0  3  0  19  15  4  44  116  36  23  18  46  4  5  2  21  4  31  105  39  8  6  4  1  20  32  13  12  73  26  69  173  69  72  34  30  15  18  5  
0  0  0  0  0  0  0  0  0  0  0  0  0  0  0  0  0  0  0  0  0  0  0  0  0  0  0  0  0  0  0  0  0  0  0  0  0  0  0  0  0  0  0  0  0  0  0  0  0  0  0  
0  0  0  0  0  0  0  0  0  0  0  0  0  0  0  0  0  0  0  0  0  0  0  0  0  0  0  0  0  0  0  0  0  0  0  0  0  0  0  0  0  0  0  0  0  0  0  0  0  0  0  
4  2  0  0  0  0  0  0  0  0  0  0  0  0  0  0  0  0  0  2  0  0  0  0  0  0  0  0  0  0  0  0  0  0  0  0  0  0  0  0  0  0  0  6  1  0  0  1  0  1  0  
0  10  0  0  0  0  0  0  0  0  0  0  0  0  0  0  0  0  0  0  2  0  0  0  0  0  0  0  0  0  0  0  0  0  0  0  0  0  0  0  0  0  0  3  3  8  0  0  1  0  1  
45  0  0  0  0  0  0  0  0  0  0  0  0  0  0  0  0  0  5  0  0  0  0  0  0  0  0  0  0  0  0  0  0  0  0  0  0  0  0  0  0  0  0  1378  0  0  0  0  0  0  0  
187  45  0  0  0  0  0  0  0  0  0  0  0  0  0  0  0  0  57  5  0  20  0  0  2  0  0  0  0  23  0  0  0  0  0  0  8  0  0  0  66  0  0  2454  1378  0  255  0  0  23426  0  
123  90  21  25  6  3  3  1  0  0  0  0  0  1  0  8  3  0  43  59  6  24  10  9  4  0  0  11  0  35  49  5  4  1  1  0  18  12  2  0  72  15  10  164  24  8  26  12  0  12  0  
332  359  2  0  0  0  0  0  0  0  0  0  0  0  0  0  0  0  21  148  28  0  3  16  0  2  2  0  3  2  11  12  1  0  1  0  2  8  2  6  10  7  36  1568  38  60  6  6  12  4  5  
273  677  5  0  0  0  0  0  0  0  0  0  0  0  0  0  0  0  76  57  162  22  3  9  2  3  1  2  0  25  9  3  0  0  0  0  8  6  3  3  76  8  18  2447  4152  174  260  8  3  23431  1  
0  0  0  0  0  0  0  0  0  0  0  0  0  0  0  0  0  0  0  0  0  0  0  0  0  0  0  0  0  0  0  0  0  0  0  0  0  0  0  0  0  0  0  0  0  0  0  0  0  0  0  
0  0  0  0  0  0  0  0  0  0  0  0  0  0  0  0  0  0  0  0  0  0  0  0  0  0  0  0  0  0  0  0  0  0  0  0  0  0  0  0  0  0  0  0  0  0  0  0  0  0  0  
45  0  0  0  0  0  0  0  0  0  0  0  0  0  0  0  0  0  5  0  0  0  0  0  0  0  0  0  0  0  0  0  0  0  0  0  0  0  0  0  0  0  0  1378  0  0  0  0  0  0  0  
187  45  0  0  0  0  0  0  0  0  0  0  0  0  0  0  0  0  57  5  0  20  0  0  2  0  0  0  0  23  0  0  0  0  0  0  8  0  0  0  66  0  0  2454  1378  0  255  0  0  23426  0  
0  0  0  0  0  0  0  0  0  0  0  0  0  0  0  0  0  0  0  0  0  0  0  0  0  0  0  0  0  0  0  0  0  0  0  0  0  0  0  0  0  0  0  0  0  0  0  0  0  0  0  
0  1  0  0  0  0  0  0  0  0  0  0  0  0  0  0  0  0  0  0  0  0  0  0  0  0  0  0  0  0  0  0  0  0  0  0  0  0  0  0  0  0  0  2  3  0  0  0  0  1  0  
0  1  0  0  0  0  0  0  0  0  0  0  0  0  0  0  0  0  0  0  0  0  0  0  0  0  0  0  0  0  0  0  0  0  0  0  0  0  0  0  0  0  0  0  0  6  0  0  0  0  1  
0  0  0  0  0  0  0  0  0  0  0  0  0  0  0  0  0  0  0  0  0  0  0  0  0  0  0  0  0  0  0  0  0  0  0  0  0  0  0  0  0  0  0  4  0  0  0  0  0  1  0  
0  0  0  0  0  0  0  0  0  0  0  0  0  0  0  0  0  0  0  0  0  0  0  0  0  0  0  0  0  0  0  0  0  0  0  0  0  0  0  0  0  0  0  0  0  0  0  0  0  0  0  
0  0  0  0  0  0  0  0  0  0  0  0  0  0  0  0  0  0  0  0  0  0  0  0  0  0  0  0  0  0  0  0  0  0  0  0  0  0  0  0  0  0  0  0  0  0  0  0  0  0  0  
0  0  0  0  0  0  0  0  0  0  0  0  0  0  0  0  0  0  0  0  0  0  0  0  0  0  0  0  0  0  0  0  0  0  0  0  0  0  0  0  0  0  0  0  0  0  0  0  0  0  0  
0  0  0  0  0  0  0  0  0  0  0  0  0  0  0  0  0  0  0  0  0  0  0  0  0  0  0  0  0  0  0  0  0  0  0  0  0  0  0  0  0  0  0  0  0  0  0  0  0  0  0  
187  0  0  0  0  0  0  0  0  0  0  0  0  0  0  0  0  0  57  0  0  20  0  0  2  0  0  0  0  23  0  0  0  0  0  0  8  0  0  0  66  0  0  2506  0  0  255  0  0  23426  0  
187  0  0  0  0  0  0  0  0  0  0  0  0  0  0  0  0  0  57  0  0  20  0  0  2  0  0  0  0  23  0  0  0  0  0  0  8  0  0  0  66  0  0  2506  0  0  255  0  0  23426  0  
187  0  0  0  0  0  0  0  0  0  0  0  0  0  0  0  0  0  57  0  0  20  0  0  2  0  0  0  0  23  0  0  0  0  0  0  8  0  0  0  66  0  0  2506  0  0  255  0  0  23426  0  
187  0  0  0  0  0  0  0  0  0  0  0  0  0  0  0  0  0  57  0  0  20  0  0  2  0  0  0  0  23  0  0  0  0  0  0  8  0  0  0  66  0  0  2506  0  0  255  0  0  23426  0  
187  0  0  0  0  0  0  0  0  0  0  0  0  0  0  0  0  0  57  0  0  20  0  0  2  0  0  0  0  23  0  0  0  0  0  0  8  0  0  0  66  0  0  2506  0  0  255  0  0  23426  0  
187  0  0  0  0  0  0  0  0  0  0  0  0  0  0  0  0  0  57  0  0  20  0  0  2  0  0  0  0  23  0  0  0  0  0  0  8  0  0  0  66  0  0  2506  0  0  255  0  0  23426  0  
187  0  0  0  0  0  0  0  0  0  0  0  0  0  0  0  0  0  57  0  0  20  0  0  2  0  0  0  0  23  0  0  0  0  0  0  8  0  0  0  66  0  0  2506  0  0  255  0  0  23426  0  
187  0  0  0  0  0  0  0  0  0  0  0  0  0  0  0  0  0  57  0  0  20  0  0  2  0  0  0  0  23  0  0  0  0  0  0  8  0  0  0  66  0  0  2506  0  0  255  0  0  23426  0  
187  0  0  0  0  0  0  0  0  0  0  0  0  0  0  0  0  0  57  0  0  20  0  0  2  0  0  0  0  23  0  0  0  0  0  0  8  0  0  0  66  0  0  2506  0  0  255  0  0  23426  0  
187  0  0  0  0  0  0  0  0  0  0  0  0  0  0  0  0  0  57  0  0  20  0  0  2  0  0  0  0  23  0  0  0  0  0  0  8  0  0  0  66  0  0  2506  0  0  255  0  0  23426  0  
187  0  0  0  0  0  0  0  0  0  0  0  0  0  0  0  0  0  57  0  0  20  0  0  2  0  0  0  0  23  0  0  0  0  0  0  8  0  0  0  66  0  0  2506  0  0  255  0  0  23426  0  
187  0  0  0  0  0  0  0  0  0  0  0  0  0  0  0  0  0  57  0  0  20  0  0  2  0  0  0  0  23  0  0  0  0  0  0  8  0  0  0  66  0  0  2506  0  0  255  0  0  23426  0  
187  0  0  0  0  0  0  0  0  0  0  0  0  0  0  0  0  0  57  0  0  20  0  0  2  0  0  0  0  23  0  0  0  0  0  0  8  0  0  0  66  0  0  2506  0  0  255  0  0  23426  0  
187  0  0  0  0  0  0  0  0  0  0  0  0  0  0  0  0  0  57  0  0  20  0  0  2  0  0  0  0  23  0  0  0  0  0  0  8  0  0  0  66  0  0  2506  0  0  255  0  0  23426  0  
207  428  2  0  0  0  0  0  0  0  0  0  0  0  0  0  0  0  62  20  53  20  3  2  2  0  0  0  0  25  7  2  1  0  1  0  10  4  0  0  76  2  4  2435  2764  57  259  2  0  23428  0  
187  0  0  0  0  0  0  0  0  0  0  0  0  0  0  0  0  0  57  0  0  20  0  0  2  0  0  0  0  23  0  0  0  0  0  0  8  0  0  0  66  0  0  2506  0  0  255  0  0  23426  0  
187  0  0  0  0  0  0  0  0  0  0  0  0  0  0  0  0  0  57  0  0  20  0  0  2  0  0  0  0  23  0  0  0  0  0  0  8  0  0  0  66  0  0  2506  0  0  255  0  0  23426  0  
187  0  0  0  0  0  0  0  0  0  0  0  0  0  0  0  0  0  57  0  0  20  0  0  2  0  0  0  0  23  0  0  0  0  0  0  8  0  0  0  66  0  0  2506  0  0  255  0  0  23426  0  
187  0  0  0  0  0  0  0  0  0  0  0  0  0  0  0  0  0  57  0  0  20  0  0  2  0  0  0  0  23  0  0  0  0  0  0  8  0  0  0  66  0  0  2506  0  0  255  0  0  23426  0  
187  0  0  0  0  0  0  0  0  0  0  0  0  0  0  0  0  0  57  0  0  20  0  0  2  0  0  0  0  23  0  0  0  0  0  0  8  0  0  0  66  0  0  2506  0  0  255  0  0  23426  0  
187  0  0  0  0  0  0  0  0  0  0  0  0  0  0  0  0  0  57  0  0  20  0  0  2  0  0  0  0  23  0  0  0  0  0  0  8  0  0  0  66  0  0  2506  0  0  255  0  0  23426  0  
187  0  0  0  0  0  0  0  0  0  0  0  0  0  0  0  0  0  57  0  0  20  0  0  2  0  0  0  0  23  0  0  0  0  0  0  8  0  0  0  66  0  0  2506  0  0  255  0  0  23426  0  
187  0  0  0  0  0  0  0  0  0  0  0  0  0  0  0  0  0  57  0  0  20  0  0  2  0  0  0  0  23  0  0  0  0  0  0  8  0  0  0  66  0  0  2506  0  0  255  0  0  23426  0  
187  0  0  0  0  0  0  0  0  0  0  0  0  0  0  0  0  0  57  0  0  20  0  0  2  0  0  0  0  23  0  0  0  0  0  0  8  0  0  0  66  0  0  2506  0  0  255  0  0  23426  0  
187  0  0  0  0  0  0  0  0  0  0  0  0  0  0  0  0  0  57  0  0  20  0  0  2  0  0  0  0  23  0  0  0  0  0  0  8  0  0  0  66  0  0  2506  0  0  255  0  0  23426  0  
187  0  0  0  0  0  0  0  0  0  0  0  0  0  0  0  0  0  57  0  0  20  0  0  2  0  0  0  0  23  0  0  0  0  0  0  8  0  0  0  66  0  0  2506  0  0  255  0  0  23426  0  
187  0  0  0  0  0  0  0  0  0  0  0  0  0  0  0  0  0  57  0  0  20  0  0  2  0  0  0  0  23  0  0  0  0  0  0  8  0  0  0  66  0  0  2506  0  0  255  0  0  23426  0  
1750  7384  371  576  363  69  336  42  72  231  28  21  7  139  16  278  336  246  253  2258  1734  140  411  2160  28  411  180  245  148  200  2366  945  100  163  70  163  140  822  746  945  822  1266  3810  8256  16395  5260  411  4708  1035  23726  495  
1815  6750  371  432  507  40  365  30  124  191  16  33  7  110  45  206  362  292  253  2203  1739  140  439  2096  28  439  140  245  148  200  2494  735  100  163  70  163  140  878  818  735  878  1436  3150  8759  13494  3412  439  4861  644  23807  210  
1601  4185  235  400  220  52  215  47  114  63  15  23  5  85  18  234  234  80  261  1382  792  196  314  1089  53  277  33  216  27  288  1720  201  113  45  108  32  251  940  325  117  1014  1519  1050  7850  7528  884  663  3301  72  23878  15  
187  0  0  0  0  0  0  0  0  0  0  0  0  0  0  0  0  0  57  0  0  20  0  0  2  0  0  0  0  23  0  0  0  0  0  0  8  0  0  0  66  0  0  2506  0  0  255  0  0  23426  0  
187  0  0  0  0  0  0  0  0  0  0  0  0  0  0  0  0  0  57  0  0  20  0  0  2  0  0  0  0  23  0  0  0  0  0  0  8  0  0  0  66  0  0  2506  0  0  255  0  0  23426  0  
187  0  0  0  0  0  0  0  0  0  0  0  0  0  0  0  0  0  57  0  0  20  0  0  2  0  0  0  0  23  0  0  0  0  0  0  8  0  0  0  66  0  0  2506  0  0  255  0  0  23426  0  
187  0  0  0  0  0  0  0  0  0  0  0  0  0  0  0  0  0  57  0  0  20  0  0  2  0  0  0  0  23  0  0  0  0  0  0  8  0  0  0  66  0  0  2506  0  0  255  0  0  23426  0  
187  0  0  0  0  0  0  0  0  0  0  0  0  0  0  0  0  0  57  0  0  20  0  0  2  0  0  0  0  23  0  0  0  0  0  0  8  0  0  0  66  0  0  2506  0  0  255  0  0  23426  0  
187  0  0  0  0  0  0  0  0  0  0  0  0  0  0  0  0  0  57  0  0  20  0  0  2  0  0  0  0  23  0  0  0  0  0  0  8  0  0  0  66  0  0  2506  0  0  255  0  0  23426  0  
187  0  0  0  0  0  0  0  0  0  0  0  0  0  0  0  0  0  57  0  0  20  0  0  2  0  0  0  0  23  0  0  0  0  0  0  8  0  0  0  66  0  0  2506  0  0  255  0  0  23426  0  
1205  2237  110  208  38  32  43  29  19  4  1  1  0  17  1  121  55  6  218  674  210  177  165  342  53  90  2  110  2  256  909  46  63  10  60  2  238  544  106  8  876  1136  332  7340  4341  226  585  2927  5  23759  1  
187  45  0  0  0  0  0  0  0  0  0  0  0  0  0  0  0  0  57  5  0  20  0  0  2  0  0  0  0  23  0  0  0  0  0  0  8  0  0  0  66  0  0  2454  1378  0  255  0  0  23426  0  
186  99  0  0  0  0  0  0  0  0  0  0  0  0  0  0  0  0  57  5  0  20  0  0  2  0  0  0  0  23  0  0  0  0  0  0  8  0  0  0  66  0  0  2454  1378  0  255  0  0  23426  0  
187  0  0  0  0  0  0  0  0  0  0  0  0  0  0  0  0  0  57  0  0  20  0  0  2  0  0  0  0  23  0  0  0  0  0  0  8  0  0  0  66  0  0  2506  0  0  255  0  0  23426  0  
186  98  0  0  0  0  0  0  0  0  0  0  0  0  0  0  0  0  57  5  0  20  0  0  2  0  0  0  0  23  0  0  0  0  0  0  8  0  0  0  66  0  0  2454  1378  0  255  0  0  23426  0  
188  425  0  0  0  0  0  0  0  0  0  0  0  0  0  0  0  0  57  36  0  20  0  0  2  0  0  0  0  23  0  0  0  0  0  0  8  0  0  0  68  0  0  2184  8274  840  255  0  0  23426  35  
187  88  0  0  0  0  0  0  0  0  0  0  0  0  0  0  0  0  57  10  0  20  0  0  2  0  0  0  0  23  0  0  0  0  0  0  8  0  0  0  66  0  0  2401  2756  53  255  0  0  23426  0  
187  0  0  0  0  0  0  0  0  0  0  0  0  0  0  0  0  0  57  0  0  20  0  0  2  0  0  0  0  23  0  0  0  0  0  0  8  0  0  0  66  0  0  2506  0  0  255  0  0  23426  0  
187  0  0  0  0  0  0  0  0  0  0  0  0  0  0  0  0  0  57  0  0  20  0  0  2  0  0  0  0  23  0  0  0  0  0  0  8  0  0  0  66  0  0  2506  0  0  255  0  0  23426  0  
187  0  0  0  0  0  0  0  0  0  0  0  0  0  0  0  0  0  57  0  0  20  0  0  2  0  0  0  0  23  0  0  0  0  0  0  8  0  0  0  66  0  0  2506  0  0  255  0  0  23426  0  
187  0  0  0  0  0  0  0  0  0  0  0  0  0  0  0  0  0  57  0  0  20  0  0  2  0  0  0  0  23  0  0  0  0  0  0  8  0  0  0  66  0  0  2506  0  0  255  0  0  23426  0  
187  0  0  0  0  0  0  0  0  0  0  0  0  0  0  0  0  0  57  0  0  20  0  0  2  0  0  0  0  23  0  0  0  0  0  0  8  0  0  0  66  0  0  2506  0  0  255  0  0  23426  0  
45  107  0  0  0  0  0  0  0  0  0  0  0  0  0  0  0  0  15  45  0  15  0  0  5  0  0  0  0  21  0  0  0  0  0  0  21  0  0  0  44  0  0  100  80  80  36  0  0  20  15  
19  0  0  0  0  0  0  0  0  0  0  0  0  0  0  0  0  0  9  0  0  0  0  0  0  0  0  0  0  0  0  0  0  0  0  0  0  0  0  0  0  0  0  48  0  0  0  0  0  10  0  
427  0  0  0  0  0  0  0  0  0  0  0  0  0  0  0  0  0  60  0  0  60  0  0  20  0  0  0  0  105  0  0  0  0  0  0  105  0  0  0  402  0  0  2521  0  0  207  0  0  165  0  
427  103  0  0  0  0  0  0  0  0  0  0  0  0  0  0  0  0  60  23  0  60  0  0  20  0  0  0  0  105  0  0  0  0  0  0  105  0  0  0  402  0  0  2511  55  0  207  0  0  165  0  
103  0  0  0  0  0  0  0  0  0  0  0  0  0  0  0  0  0  23  0  0  0  0  0  0  0  0  0  0  0  0  0  0  0  0  0  0  0  0  0  0  0  0  55  0  0  0  0  0  0  0  
0  0  0  0  0  0  0  0  0  0  0  0  0  0  0  0  0  0  0  0  0  0  0  0  0  0  0  0  0  0  0  0  0  0  0  0  0  0  0  0  0  0  0  0  0  0  0  0  0  0  0  
0  0  0  0  0  0  0  0  0  0  0  0  0  0  0  0  0  0  0  0  0  0  0  0  0  0  0  0  0  0  0  0  0  0  0  0  0  0  0  0  0  0  0  0  0  0  0  0  0  0  0  
8  17  2  1  0  0  0  0  0  0  0  0  0  0  0  0  0  0  2  5  2  0  0  0  0  0  0  1  0  0  4  1  0  0  0  0  0  0  0  0  1  0  2  9  6  4  1  1  0  1  0  
10  7  1  0  0  0  0  0  0  0  0  0  0  0  0  0  0  0  1  6  0  0  0  0  0  0  0  1  0  2  0  0  0  0  0  0  0  0  0  0  1  2  0  13  1  0  1  1  0  1  0  
8  17  2  0  1  0  0  0  0  0  0  0  0  0  0  0  0  0  2  5  2  0  0  0  0  0  0  1  0  0  4  1  0  0  0  0  0  0  0  0  1  0  2  9  6  4  1  1  0  1  0  
8  17  2  1  0  0  0  0  0  0  0  0  0  0  0  0  0  0  2  4  0  0  0  0  0  0  0  0  0  0  4  1  0  0  0  0  0  0  0  0  4  0  0  10  4  4  0  0  0  0  0  
0  0  0  0  0  0  0  0  0  0  0  0  0  0  0  0  0  0  0  0  0  0  0  0  0  0  0  0  0  0  0  0  0  0  0  0  0  0  0  0  0  0  0  0  0  0  0  0  0  0  0  
0  0  0  0  0  0  0  0  0  0  0  0  0  0  0  0  0  0  0  0  0  0  0  0  0  0  0  0  0  0  0  0  0  0  0  0  0  0  0  0  0  0  0  0  0  0  0  0  0  0  0  
57  114  0  0  0  0  0  0  0  0  0  0  0  0  0  0  0  0  9  51  12  3  0  12  1  0  0  6  0  9  15  6  0  1  0  1  9  0  3  6  23  12  30  134  84  54  30  18  9  36  5  
57  99  0  0  0  0  0  0  0  0  0  0  0  0  0  0  0  0  9  45  12  3  0  12  1  0  0  6  0  9  18  3  0  1  0  1  9  0  6  3  23  18  24  152  66  27  30  24  3  39  1  
2  0  0  0  0  0  0  0  0  0  0  0  0  0  0  0  0  0  0  0  0  0  0  0  0  0  0  0  0  0  0  0  0  0  0  0  0  0  0  0  0  0  0  7  0  0  1  0  0  1  0  
0  0  0  0  0  0  0  0  0  0  0  0  0  0  0  0  0  0  0  0  0  0  0  0  0  0  0  0  0  0  0  0  0  0  0  0  0  0  0  0  0  0  0  0  0  0  0  0  0  0  0  
0  0  0  0  0  0  0  0  0  0  0  0  0  0  0  0  0  0  0  0  0  0  0  0  0  0  0  0  0  0  0  0  0  0  0  0  0  0  0  0  0  0  0  0  0  0  0  0  0  0  0  
0  0  0  0  0  0  0  0  0  0  0  0  0  0  0  0  0  0  0  0  0  0  0  0  0  0  0  0  0  0  0  0  0  0  0  0  0  0  0  0  0  0  0  0  0  0  0  0  0  0  0  
0  0  0  0  0  0  0  0  0  0  0  0  0  0  0  0  0  0  0  0  0  0  0  0  0  0  0  0  0  0  0  0  0  0  0  0  0  0  0  0  0  0  0  0  0  0  0  0  0  0  0  
18  176  1  0  0  0  0  0  0  0  0  0  0  0  0  0  0  0  3  17  11  0  0  0  0  0  0  1  1  0  7  6  0  0  0  0  0  0  0  0  0  1  30  59  51  186  2  3  30  4  70  
22  54  0  0  0  0  0  0  0  0  0  0  0  0  0  0  0  0  1  9  10  0  0  0  0  0  0  1  1  1  0  0  0  0  0  0  0  0  0  0  2  0  18  45  78  48  5  15  6  35  5  
11  0  0  0  0  0  0  0  0  0  0  0  0  0  0  0  0  0  1  0  0  0  0  0  0  0  0  0  0  0  0  0  0  0  0  0  0  0  0  0  6  0  0  47  0  0  4  0  0  4  0  
0  0  0  0  0  0  0  0  0  0  0  0  0  0  0  0  0  0  0  0  0  0  0  0  0  0  0  0  0  0  0  0  0  0  0  0  0  0  0  0  0  0  0  0  0  0  0  0  0  0  0  
0  0  0  0  0  0  0  0  0  0  0  0  0  0  0  0  0  0  0  0  0  0  0  0  0  0  0  0  0  0  0  0  0  0  0  0  0  0  0  0  0  0  0  0  0  0  0  0  0  0  0  
0  0  0  0  0  0  0  0  0  0  0  0  0  0  0  0  0  0  0  0  0  0  0  0  0  0  0  0  0  0  0  0  0  0  0  0  0  0  0  0  0  0  0  0  0  0  0  0  0  0  0  
0  2  0  0  0  0  0  0  0  0  0  0  0  0  0  0  0  0  0  0  0  0  0  0  0  0  0  0  0  0  0  1  0  0  0  0  0  0  0  1  0  0  2  0  1  4  0  0  2  0  1  
2  0  0  0  0  0  0  0  0  0  0  0  0  0  0  0  0  0  0  0  0  0  0  0  0  0  0  0  0  1  0  0  0  0  0  0  1  0  0  0  2  0  0  5  0  0  2  0  0  1  0  
59  58  2  1  1  0  0  0  0  0  0  0  0  0  0  0  0  0  10  12  4  5  0  0  1  0  0  0  0  8  8  1  0  0  0  0  5  0  0  0  26  0  3  83  21  7  8  3  0  8  0  
18  0  0  0  0  0  0  0  0  0  0  0  0  0  0  0  0  0  2  0  0  0  0  0  0  0  0  0  0  1  0  0  0  0  0  0  0  0  0  0  1  0  0  23  0  0  2  0  0  4  0  
44  0  0  0  0  0  0  0  0  0  0  0  0  0  0  0  0  0  5  0  0  0  0  0  0  0  0  0  0  0  0  0  0  0  0  0  0  0  0  0  0  0  0  1431  0  0  0  0  0  0  0  
0  0  0  0  0  0  0  0  0  0  0  0  0  0  0  0  0  0  0  0  0  0  0  0  0  0  0  0  0  0  0  0  0  0  0  0  0  0  0  0  0  0  0  0  0  0  0  0  0  0  0  
0  0  0  0  0  0  0  0  0  0  0  0  0  0  0  0  0  0  0  0  0  0  0  0  0  0  0  0  0  0  0  0  0  0  0  0  0  0  0  0  0  0  0  0  0  0  0  0  0  0  0  
0  2  0  0  0  0  0  0  0  0  0  0  0  0  0  0  0  0  0  0  0  0  0  0  0  0  0  0  0  0  1  0  0  0  0  0  0  0  1  0  0  0  2  2  2  1  0  2  0  1  0  
1  1  0  0  0  0  0  0  0  0  0  0  0  0  0  0  0  0  0  0  0  0  0  0  0  0  0  0  0  0  1  0  0  0  0  0  0  1  0  0  1  1  0  4  1  0  1  1  0  1  0  
1  1  0  0  0  0  0  0  0  0  0  0  0  0  0  0  0  0  0  0  0  0  0  0  0  0  0  0  0  0  1  0  0  0  0  0  0  1  0  0  1  1  0  4  1  0  1  1  0  1  0  
45  53  0  0  0  0  0  0  0  0  0  0  0  0  0  0  0  0  5  0  0  0  0  0  0  0  0  0  0  0  0  0  0  0  0  0  0  0  0  0  0  0  0  1378  0  0  0  0  0  0  0  
53  0  0  0  0  0  0  0  0  0  0  0  0  0  0  0  0  0  0  0  0  0  0  0  0  0  0  0  0  0  0  0  0  0  0  0  0  0  0  0  0  0  0  0  0  0  0  0  0  0  0  
0  0  0  0  0  0  0  0  0  0  0  0  0  0  0  0  0  0  0  0  0  0  0  0  0  0  0  0  0  0  0  0  0  0  0  0  0  0  0  0  0  0  0  0  0  0  0  0  0  0  0  
0  0  0  0  0  0  0  0  0  0  0  0  0  0  0  0  0  0  0  0  0  0  0  0  0  0  0  0  0  0  0  0  0  0  0  0  0  0  0  0  0  0  0  0  0  0  0  0  0  0  0  
0  0  0  0  0  0  0  0  0  0  0  0  0  0  0  0  0  0  0  0  0  0  0  0  0  0  0  0  0  0  0  0  0  0  0  0  0  0  0  0  0  0  0  0  0  0  0  0  0  0  0  
0  0  0  0  0  0  0  0  0  0  0  0  0  0  0  0  0  0  0  0  0  0  0  0  0  0  0  0  0  0  0  0  0  0  0  0  0  0  0  0  0  0  0  0  0  0  0  0  0  0  0  
185  216  1  0  0  0  0  0  0  0  0  0  0  0  0  0  0  0  11  78  8  3  0  8  1  0  0  3  0  3  11  3  0  1  0  1  3  0  3  3  10  8  14  1478  20  18  6  6  3  5  1  
185  216  1  0  0  0  0  0  0  0  0  0  0  0  0  0  0  0  11  78  8  3  0  8  1  0  0  3  0  3  11  3  0  1  0  1  3  0  3  3  10  8  14  1478  20  18  6  6  3  5  1  
27  0  0  0  0  0  0  0  0  0  0  0  0  0  0  0  0  0  6  0  0  0  0  0  0  0  0  0  0  3  0  0  0  0  0  0  3  0  0  0  12  0  0  54  0  0  6  0  0  4  0  
0  0  0  0  0  0  0  0  0  0  0  0  0  0  0  0  0  0  0  0  0  0  0  0  0  0  0  0  0  0  0  0  0  0  0  0  0  0  0  0  0  0  0  0  0  0  0  0  0  0  0  
0  0  0  0  0  0  0  0  0  0  0  0  0  0  0  0  0  0  0  0  0  0  0  0  0  0  0  0  0  0  0  0  0  0  0  0  0  0  0  0  0  0  0  0  0  0  0  0  0  0  0  
0  0  0  0  0  0  0  0  0  0  0  0  0  0  0  0  0  0  0  0  0  0  0  0  0  0  0  0  0  0  0  0  0  0  0  0  0  0  0  0  0  0  0  0  0  0  0  0  0  0  0  
0  0  0  0  0  0  0  0  0  0  0  0  0  0  0  0  0  0  0  0  0  0  0  0  0  0  0  0  0  0  0  0  0  0  0  0  0  0  0  0  0  0  0  0  0  0  0  0  0  0  0  
0  0  0  0  0  0  0  0  0  0  0  0  0  0  0  0  0  0  0  0  0  0  0  0  0  0  0  0  0  0  0  0  0  0  0  0  0  0  0  0  0  0  0  0  0  0  0  0  0  0  0  
0  0  0  0  0  0  0  0  0  0  0  0  0  0  0  0  0  0  0  0  0  0  0  0  0  0  0  0  0  0  0  0  0  0  0  0  0  0  0  0  0  0  0  0  0  0  0  0  0  0  0  
0  0  0  0  0  0  0  0  0  0  0  0  0  0  0  0  0  0  0  0  0  0  0  0  0  0  0  0  0  0  0  0  0  0  0  0  0  0  0  0  0  0  0  0  0  0  0  0  0  0  0  
59  9  0  0  0  0  0  0  0  0  0  0  0  0  0  0  0  0  16  9  0  0  0  0  0  0  0  0  0  0  0  0  0  0  0  0  0  0  0  0  0  0  0  45  0  0  0  0  0  0  0  
59  9  0  0  0  0  0  0  0  0  0  0  0  0  0  0  0  0  16  9  0  0  0  0  0  0  0  0  0  0  0  0  0  0  0  0  0  0  0  0  0  0  0  45  0  0  0  0  0  0  0  
394  118  0  0  0  0  0  0  0  0  0  0  0  0  0  0  0  0  71  32  9  57  0  0  16  0  0  0  0  72  0  0  0  0  0  0  63  0  0  0  208  0  0  535  72  9  112  0  0  84  0  
0  0  0  0  0  0  0  0  0  0  0  0  0  0  0  0  0  0  0  0  0  0  0  0  0  0  0  0  0  0  0  0  0  0  0  0  0  0  0  0  0  0  0  0  0  0  0  0  0  0  0  
0  0  0  0  0  0  0  0  0  0  0  0  0  0  0  0  0  0  0  0  0  0  0  0  0  0  0  0  0  0  0  0  0  0  0  0  0  0  0  0  0  0  0  0  0  0  0  0  0  0  0  
48  16  0  0  0  0  0  0  0  0  0  0  0  0  0  0  0  0  12  12  0  0  6  0  0  0  0  0  0  2  12  0  1  0  1  0  2  6  0  0  18  4  0  90  4  0  6  4  0  5  0  
48  16  0  0  0  0  0  0  0  0  0  0  0  0  0  0  0  0  12  12  0  0  6  0  0  0  0  0  0  2  12  0  1  0  1  0  2  6  0  0  18  4  0  90  4  0  6  4  0  5  0  
0  0  0  0  0  0  0  0  0  0  0  0  0  0  0  0  0  0  0  0  0  0  0  0  0  0  0  0  0  0  0  0  0  0  0  0  0  0  0  0  0  0  0  0  0  0  0  0  0  0  0  
0  0  0  0  0  0  0  0  0  0  0  0  0  0  0  0  0  0  0  0  0  0  0  0  0  0  0  0  0  0  0  0  0  0  0  0  0  0  0  0  0  0  0  0  0  0  0  0  0  0  0  
0  0  0  0  0  0  0  0  0  0  0  0  0  0  0  0  0  0  0  0  0  0  0  0  0  0  0  0  0  0  0  0  0  0  0  0  0  0  0  0  0  0  0  0  0  0  0  0  0  0  0  
0  0  0  0  0  0  0  0  0  0  0  0  0  0  0  0  0  0  0  0  0  0  0  0  0  0  0  0  0  0  0  0  0  0  0  0  0  0  0  0  0  0  0  0  0  0  0  0  0  0  0  
0  0  0  0  0  0  0  0  0  0  0  0  0  0  0  0  0  0  0  0  0  0  0  0  0  0  0  0  0  0  0  0  0  0  0  0  0  0  0  0  0  0  0  0  0  0  0  0  0  0  0  
0  0  0  0  0  0  0  0  0  0  0  0  0  0  0  0  0  0  0  0  0  0  0  0  0  0  0  0  0  0  0  0  0  0  0  0  0  0  0  0  0  0  0  0  0  0  0  0  0  0  0  
19  0  0  0  0  0  0  0  0  0  0  0  0  0  0  0  0  0  9  0  0  0  0  0  0  0  0  0  0  0  0  0  0  0  0  0  0  0  0  0  0  0  0  48  0  0  0  0  0  10  0  
10  7  1  1  0  0  0  0  0  0  0  0  0  0  0  0  0  0  1  6  0  0  0  0  0  0  0  1  0  2  0  0  0  0  0  0  0  0  0  0  1  2  0  13  1  0  1  1  0  1  0  
6  22  2  0  1  0  0  0  0  0  0  0  0  0  0  0  0  0  0  4  6  0  0  0  0  0  0  0  1  0  3  2  0  0  0  0  0  0  0  0  0  0  4  6  4  10  0  0  2  0  1  
8  0  0  0  0  0  0  0  0  0  0  0  0  0  0  0  0  0  2  0  0  0  0  0  0  0  0  0  0  1  0  0  0  0  0  0  0  0  0  0  0  0  0  6  0  0  0  0  0  0  0  
0  0  0  0  0  0  0  0  0  0  0  0  0  0  0  0  0  0  0  0  0  0  0  0  0  0  0  0  0  0  0  0  0  0  0  0  0  0  0  0  0  0  0  0  0  0  0  0  0  0  0  
0  0  0  0  0  0  0  0  0  0  0  0  0  0  0  0  0  0  0  0  0  0  0  0  0  0  0  0  0  0  0  0  0  0  0  0  0  0  0  0  0  0  0  0  0  0  0  0  0  0  0  
0  0  0  0  0  0  0  0  0  0  0  0  0  0  0  0  0  0  0  0  0  0  0  0  0  0  0  0  0  0  0  0  0  0  0  0  0  0  0  0  0  0  0  0  0  0  0  0  0  0  0  
0  0  0  0  0  0  0  0  0  0  0  0  0  0  0  0  0  0  0  0  0  0  0  0  0  0  0  0  0  0  0  0  0  0  0  0  0  0  0  0  0  0  0  0  0  0  0  0  0  0  0  
24  25  0  0  0  0  0  0  0  0  0  0  0  0  0  0  0  0  2  9  0  0  0  0  0  0  0  2  0  1  0  0  0  0  0  0  0  0  0  0  2  18  0  88  18  0  7  18  0  39  0  
22  0  0  0  0  0  0  0  0  0  0  0  0  0  0  0  0  0  1  0  0  0  0  0  0  0  0  0  0  1  0  0  0  0  0  0  0  0  0  0  5  0  0  64  0  0  10  0  0  35  0  
22  0  0  0  0  0  0  0  0  0  0  0  0  0  0  0  0  0  1  0  0  0  0  0  0  0  0  0  0  1  0  0  0  0  0  0  0  0  0  0  5  0  0  64  0  0  10  0  0  35  0  
22  0  0  0  0  0  0  0  0  0  0  0  0  0  0  0  0  0  1  0  0  0  0  0  0  0  0  0  0  1  0  0  0  0  0  0  0  0  0  0  5  0  0  64  0  0  10  0  0  35  0  
19  8  0  0  0  0  0  0  0  0  0  0  0  0  0  0  0  0  2  9  0  0  0  0  0  0  0  1  0  0  0  0  0  0  0  0  0  0  0  0  6  0  0  46  3  0  2  3  0  4  0  
19  8  0  0  0  0  0  0  0  0  0  0  0  0  0  0  0  0  2  9  0  0  0  0  0  0  0  1  0  0  0  0  0  0  0  0  0  0  0  0  6  0  0  46  3  0  2  3  0  4  0  
21  4  0  0  0  0  0  0  0  0  0  0  0  0  0  0  0  0  1  4  0  0  0  0  0  0  0  0  0  1  0  0  0  0  0  0  0  0  0  0  0  0  0  40  15  0  0  15  0  35  0  
22  129  1  0  0  0  0  0  0  0  0  0  0  0  0  0  0  0  3  7  4  0  0  0  0  0  0  0  0  0  7  6  0  0  0  0  0  0  0  0  7  0  0  50  7  114  0  0  15  0  70  
21  4  0  0  0  0  0  0  0  0  0  0  0  0  0  0  0  0  1  4  0  0  0  0  0  0  0  0  0  1  0  0  0  0  0  0  0  0  0  0  0  0  0  40  15  0  0  15  0  35  0  
17  0  0  0  0  0  0  0  0  0  0  0  0  0  0  0  0  0  1  0  0  0  0  0  0  0  0  0  0  1  0  0  0  0  0  0  0  0  0  0  0  0  0  35  0  0  5  0  0  35  0  
17  0  0  0  0  0  0  0  0  0  0  0  0  0  0  0  0  0  1  0  0  0  0  0  0  0  0  0  0  1  0  0  0  0  0  0  0  0  0  0  0  0  0  35  0  0  5  0  0  35  0  
17  0  0  0  0  0  0  0  0  0  0  0  0  0  0  0  0  0  1  0  0  0  0  0  0  0  0  0  0  1  0  0  0  0  0  0  0  0  0  0  0  0  0  35  0  0  5  0  0  35  0  
0  0  0  0  0  0  0  0  0  0  0  0  0  0  0  0  0  0  0  0  0  0  0  0  0  0  0  0  0  0  0  0  0  0  0  0  0  0  0  0  0  0  0  0  0  0  0  0  0  0  0  
0  0  0  0  0  0  0  0  0  0  0  0  0  0  0  0  0  0  0  0  0  0  0  0  0  0  0  0  0  0  0  0  0  0  0  0  0  0  0  0  0  0  0  0  0  0  0  0  0  0  0  
19  12  0  0  0  0  0  0  0  0  0  0  0  0  0  0  0  0  9  0  0  0  0  0  0  0  0  0  0  0  0  0  0  0  0  0  0  0  0  0  0  0  0  39  20  5  0  0  0  10  0  
7  0  0  0  0  0  0  0  0  0  0  0  0  0  0  0  0  0  0  0  0  0  0  0  0  0  0  0  0  0  0  0  0  0  0  0  0  0  0  0  1  0  0  10  0  0  1  0  0  1  0  
23  60  1  0  0  0  0  0  0  0  0  0  0  0  0  0  0  0  2  3  0  0  0  0  0  0  0  0  0  0  13  0  0  0  0  0  0  0  0  0  5  0  0  87  42  0  15  0  0  70  0  
26  95  1  0  0  0  0  0  0  0  0  0  0  0  0  0  0  0  2  11  7  0  0  0  0  0  0  1  0  0  12  1  0  0  0  0  0  0  0  0  3  6  7  90  79  14  10  15  0  70  0  
6  0  0  0  0  0  0  0  0  0  0  0  0  0  0  0  0  0  0  0  0  0  0  0  0  0  0  0  0  0  0  0  0  0  0  0  0  0  0  0  0  0  0  15  0  0  0  0  0  0  0  
6  0  0  0  0  0  0  0  0  0  0  0  0  0  0  0  0  0  0  0  0  0  0  0  0  0  0  0  0  0  0  0  0  0  0  0  0  0  0  0  0  0  0  15  0  0  0  0  0  0  0  
19  0  0  0  0  0  0  0  0  0  0  0  0  0  0  0  0  0  9  0  0  0  0  0  0  0  0  0  0  0  0  0  0  0  0  0  0  0  0  0  0  0  0  48  0  0  0  0  0  10  0  
19  0  0  0  0  0  0  0  0  0  0  0  0  0  0  0  0  0  9  0  0  0  0  0  0  0  0  0  0  0  0  0  0  0  0  0  0  0  0  0  0  0  0  48  0  0  0  0  0  10  0  
134  10  0  0  0  0  0  0  0  0  0  0  0  0  0  0  0  0  6  8  0  0  4  0  0  0  0  0  0  2  8  0  1  0  1  0  2  4  0  0  12  2  0  40  2  0  4  2  0  2  0  
25  13  0  0  0  0  0  0  0  0  0  0  0  0  0  0  0  0  1  1  0  0  0  0  0  0  0  0  0  1  0  0  0  0  0  0  0  0  0  0  0  0  0  29  21  0  5  0  0  35  0  
56  17  0  0  0  0  0  0  0  0  0  0  0  0  0  0  0  0  19  0  0  0  0  0  0  0  0  0  0  0  0  0  0  0  0  0  0  0  0  0  0  0  0  57  0  0  0  0  0  0  0  
461  61  0  0  0  0  0  0  0  0  0  0  0  0  0  0  0  0  67  18  0  59  0  0  17  0  0  0  0  85  0  0  0  0  0  0  76  0  0  0  230  0  0  539  36  0  126  0  0  84  0  
187  0  0  0  0  0  0  0  0  0  0  0  0  0  0  0  0  0  57  0  0  20  0  0  2  0  0  0  0  23  0  0  0  0  0  0  8  0  0  0  66  0  0  2506  0  0  255  0  0  23426  0  
0  0  0  0  0  0  0  0  0  0  0  0  0  0  0  0  0  0  0  0  0  0  0  0  0  0  0  0  0  0  0  0  0  0  0  0  0  0  0  0  0  0  0  0  0  0  0  0  0  0  0  
0  0  0  0  0  0  0  0  0  0  0  0  0  0  0  0  0  0  0  0  0  0  0  0  0  0  0  0  0  0  0  0  0  0  0  0  0  0  0  0  0  0  0  0  0  0  0  0  0  0  0  
0  0  0  0  0  0  0  0  0  0  0  0  0  0  0  0  0  0  0  0  0  0  0  0  0  0  0  0  0  0  0  0  0  0  0  0  0  0  0  0  0  0  0  0  0  0  0  0  0  0  0  
0  0  0  0  0  0  0  0  0  0  0  0  0  0  0  0  0  0  0  0  0  0  0  0  0  0  0  0  0  0  0  0  0  0  0  0  0  0  0  0  0  0  0  0  0  0  0  0  0  0  0  
0  0  0  0  0  0  0  0  0  0  0  0  0  0  0  0  0  0  0  0  0  0  0  0  0  0  0  0  0  0  0  0  0  0  0  0  0  0  0  0  0  0  0  0  0  0  0  0  0  0  0  
0  0  0  0  0  0  0  0  0  0  0  0  0  0  0  0  0  0  0  0  0  0  0  0  0  0  0  0  0  0  0  0  0  0  0  0  0  0  0  0  0  0  0  0  0  0  0  0  0  0  0  
0  0  0  0  0  0  0  0  0  0  0  0  0  0  0  0  0  0  0  0  0  0  0  0  0  0  0  0  0  0  0  0  0  0  0  0  0  0  0  0  0  0  0  0  0  0  0  0  0  0  0  
2067  4521  316  414  416  49  323  36  141  139  16  33  7  105  41  231  343  182  271  2364  518  172  564  1183  37  301  119  254  77  250  1677  604  111  105  89  100  189  700  496  532  1226  589  1688  8822  1273  1584  399  771  504  381  210  
455  51  0  0  0  0  0  0  0  0  0  0  0  0  0  0  0  0  67  18  0  59  0  0  17  0  0  0  0  85  0  0  0  0  0  0  76  0  0  0  230  0  0  539  36  0  126  0  0  84  0  
51  0  0  0  0  0  0  0  0  0  0  0  0  0  0  0  0  0  18  0  0  0  0  0  0  0  0  0  0  0  0  0  0  0  0  0  0  0  0  0  0  0  0  36  0  0  0  0  0  0  0  
4  2  0  0  0  0  0  0  0  0  0  0  0  0  0  0  0  0  0  2  0  0  0  0  0  0  0  0  0  0  0  0  0  0  0  0  0  0  0  0  0  0  0  6  1  0  0  1  0  1  0  
44  0  0  0  0  0  0  0  0  0  0  0  0  0  0  0  0  0  6  0  0  0  0  0  0  0  0  0  0  0  0  0  0  0  0  0  0  0  0  0  0  0  0  1659  0  0  0  0  0  20  0  
44  55  0  0  0  0  0  0  0  0  0  0  0  0  0  0  0  0  6  0  0  0  0  0  0  0  0  0  0  0  0  0  0  0  0  0  0  0  0  0  0  0  0  1654  15  0  0  0  0  20  0  
44  0  0  0  0  0  0  0  0  0  0  0  0  0  0  0  0  0  6  0  0  0  0  0  0  0  0  0  0  0  0  0  0  0  0  0  0  0  0  0  0  0  0  1659  0  0  0  0  0  20  0  
44  0  0  0  0  0  0  0  0  0  0  0  0  0  0  0  0  0  6  0  0  0  0  0  0  0  0  0  0  0  0  0  0  0  0  0  0  0  0  0  0  0  0  1659  0  0  0  0  0  20  0  
55  0  0  0  0  0  0  0  0  0  0  0  0  0  0  0  0  0  0  0  0  0  0  0  0  0  0  0  0  0  0  0  0  0  0  0  0  0  0  0  0  0  0  15  0  0  0  0  0  0  0  
0  0  0  0  0  0  0  0  0  0  0  0  0  0  0  0  0  0  0  0  0  0  0  0  0  0  0  0  0  0  0  0  0  0  0  0  0  0  0  0  0  0  0  0  0  0  0  0  0  0  0  
0  0  0  0  0  0  0  0  0  0  0  0  0  0  0  0  0  0  0  0  0  0  0  0  0  0  0  0  0  0  0  0  0  0  0  0  0  0  0  0  0  0  0  0  0  0  0  0  0  0  0  
0  0  0  0  0  0  0  0  0  0  0  0  0  0  0  0  0  0  0  0  0  0  0  0  0  0  0  0  0  0  0  0  0  0  0  0  0  0  0  0  0  0  0  0  0  0  0  0  0  0  0  
56  385  11  9  12  0  6  0  0  2  0  0  0  0  1  0  3  7  4  80  94  0  3  54  0  3  5  2  12  8  43  57  3  2  1  2  2  12  10  45  12  22  150  89  133  378  9  18  105  11  70  
38  28  0  0  0  0  0  0  0  0  0  0  0  0  0  0  0  0  7  7  0  5  0  0  1  0  0  0  0  11  0  0  0  0  0  0  9  0  0  0  28  0  0  135  21  0  35  0  0  35  0  
21  7  0  0  0  0  0  0  0  0  0  0  0  0  0  0  0  0  7  0  0  0  0  0  0  0  0  0  0  0  0  0  0  0  0  0  0  0  0  0  0  0  0  21  0  0  0  0  0  0  0  
7  0  0  0  0  0  0  0  0  0  0  0  0  0  0  0  0  0  0  0  0  0  0  0  0  0  0  0  0  0  0  0  0  0  0  0  0  0  0  0  0  0  0  0  0  0  0  0  0  0  0  
1857  2893  225  336  209  48  192  46  111  59  11  20  5  74  18  229  209  68  258  1758  266  194  400  747  52  214  55  216  27  290  1186  303  109  42  106  32  250  692  262  195  1172  535  954  7328  1046  801  494  613  180  427  70  
0  0  0  0  0  0  0  0  0  0  0  0  0  0  0  0  0  0  0  0  0  0  0  0  0  0  0  0  0  0  0  0  0  0  0  0  0  0  0  0  0  0  0  0  0  0  0  0  0  0  0  
0  0  0  0  0  0  0  0  0  0  0  0  0  0  0  0  0  0  0  0  0  0  0  0  0  0  0  0  0  0  0  0  0  0  0  0  0  0  0  0  0  0  0  0  0  0  0  0  0  0  0  
0  0  0  0  0  0  0  0  0  0  0  0  0  0  0  0  0  0  0  0  0  0  0  0  0  0  0  0  0  0  0  0  0  0  0  0  0  0  0  0  0  0  0  0  0  0  0  0  0  0  0  
44  0  0  0  0  0  0  0  0  0  0  0  0  0  0  0  0  0  6  0  0  0  0  0  0  0  0  0  0  0  0  0  0  0  0  0  0  0  0  0  0  0  0  1659  0  0  0  0  0  20  0  
0  0  0  0  0  0  0  0  0  0  0  0  0  0  0  0  0  0  0  0  0  0  0  0  0  0  0  0  0  0  0  0  0  0  0  0  0  0  0  0  0  0  0  0  0  0  0  0  0  0  0  
0  0  0  0  0  0  0  0  0  0  0  0  0  0  0  0  0  0  0  0  0  0  0  0  0  0  0  0  0  0  0  0  0  0  0  0  0  0  0  0  0  0  0  0  0  0  0  0  0  0  0  
0  0  0  0  0  0  0  0  0  0  0  0  0  0  0  0  0  0  0  0  0  0  0  0  0  0  0  0  0  0  0  0  0  0  0  0  0  0  0  0  0  0  0  0  0  0  0  0  0  0  0  
0  0  0  0  0  0  0  0  0  0  0  0  0  0  0  0  0  0  0  0  0  0  0  0  0  0  0  0  0  0  0  0  0  0  0  0  0  0  0  0  0  0  0  0  0  0  0  0  0  0  0  
0  0  0  0  0  0  0  0  0  0  0  0  0  0  0  0  0  0  0  0  0  0  0  0  0  0  0  0  0  0  0  0  0  0  0  0  0  0  0  0  0  0  0  1  1  0  0  1  0  1  0  
0  0  0  0  0  0  0  0  0  0  0  0  0  0  0  0  0  0  0  0  0  0  0  0  0  0  0  0  0  0  0  0  0  0  0  0  0  0  0  0  0  0  0  1  1  0  0  1  0  1  0  
0  0  0  0  0  0  0  0  0  0  0  0  0  0  0  0  0  0  0  0  0  0  0  0  0  0  0  0  0  0  0  0  0  0  0  0  0  0  0  0  0  0  0  0  0  2  0  0  1  0  1  
0  0  0  0  0  0  0  0  0  0  0  0  0  0  0  0  0  0  0  0  0  0  0  0  0  0  0  0  0  0  0  0  0  0  0  0  0  0  0  0  0  0  0  0  0  0  0  0  0  0  0  
0  0  0  0  0  0  0  0  0  0  0  0  0  0  0  0  0  0  0  0  0  0  0  0  0  0  0  0  0  0  0  0  0  0  0  0  0  0  0  0  0  0  0  0  0  0  0  0  0  0  0  
1  0  0  0  0  0  0  0  0  0  0  0  0  0  0  0  0  0  0  0  0  0  0  0  0  0  0  0  0  0  0  0  0  0  0  0  0  0  0  0  0  0  0  0  0  0  0  0  0  0  0  
53  1  0  0  0  0  0  0  0  0  0  0  0  0  0  0  0  0  0  0  0  0  0  0  0  0  0  0  0  0  0  0  0  0  0  0  0  0  0  0  0  0  0  0  0  0  0  0  0  0  0  
45  54  0  0  0  0  0  0  0  0  0  0  0  0  0  0  0  0  5  0  0  0  0  0  0  0  0  0  0  0  0  0  0  0  0  0  0  0  0  0  0  0  0  1378  0  0  0  0  0  0  0  
0  0  0  0  0  0  0  0  0  0  0  0  0  0  0  0  0  0  0  0  0  0  0  0  0  0  0  0  0  0  0  0  0  0  0  0  0  0  0  0  0  0  0  0  0  0  0  0  0  0  0  
0  0  0  0  0  0  0  0  0  0  0  0  0  0  0  0  0  0  0  0  0  0  0  0  0  0  0  0  0  0  0  0  0  0  0  0  0  0  0  0  0  0  0  0  0  0  0  0  0  0  0  
0  0  0  0  0  0  0  0  0  0  0  0  0  0  0  0  0  0  0  0  0  0  0  0  0  0  0  0  0  0  0  0  0  0  0  0  0  0  0  0  0  0  0  0  0  0  0  0  0  0  0  
0  0  0  0  0  0  0  0  0  0  0  0  0  0  0  0  0  0  0  0  0  0  0  0  0  0  0  0  0  0  0  0  0  0  0  0  0  0  0  0  0  0  0  0  0  0  0  0  0  0  0  
0  0  0  0  0  0  0  0  0  0  0  0  0  0  0  0  0  0  0  0  0  0  0  0  0  0  0  0  0  0  0  0  0  0  0  0  0  0  0  0  0  0  0  0  0  0  0  0  0  0  0  
2  0  0  0  0  0  0  0  0  0  0  0  0  0  0  0  0  0  0  0  0  0  0  0  0  0  0  0  0  0  0  0  0  0  0  0  0  0  0  0  0  0  0  0  0  0  0  0  0  0  0  
0  0  0  0  0  0  0  0  0  0  0  0  0  0  0  0  0  0  0  0  0  0  0  0  0  0  0  0  0  0  0  0  0  0  0  0  0  0  0  0  0  0  0  0  0  0  0  0  0  0  0  
0  0  0  0  0  0  0  0  0  0  0  0  0  0  0  0  0  0  0  0  0  0  0  0  0  0  0  0  0  0  0  0  0  0  0  0  0  0  0  0  0  0  0  0  0  0  0  0  0  0  0  
45  0  0  0  0  0  0  0  0  0  0  0  0  0  0  0  0  0  5  0  0  0  0  0  0  0  0  0  0  0  0  0  0  0  0  0  0  0  0  0  0  0  0  1378  0  0  0  0  0  0  0  
0  0  0  0  0  0  0  0  0  0  0  0  0  0  0  0  0  0  0  0  0  0  0  0  0  0  0  0  0  0  0  0  0  0  0  0  0  0  0  0  0  0  0  0  0  0  0  0  0  0  0  
0  0  0  0  0  0  0  0  0  0  0  0  0  0  0  0  0  0  0  0  0  0  0  0  0  0  0  0  0  0  0  0  0  0  0  0  0  0  0  0  0  0  0  0  0  0  0  0  0  0  0  
1  0  0  0  0  0  0  0  0  0  0  0  0  0  0  0  0  0  0  0  0  0  0  0  0  0  0  0  0  0  0  0  0  0  0  0  0  0  0  0  0  0  0  0  0  0  0  0  0  0  0  
0  0  0  0  0  0  0  0  0  0  0  0  0  0  0  0  0  0  0  0  0  0  0  0  0  0  0  0  0  0  0  0  0  0  0  0  0  0  0  0  0  0  0  0  0  0  0  0  0  0  0  
0  0  0  0  0  0  0  0  0  0  0  0  0  0  0  0  0  0  0  0  0  0  0  0  0  0  0  0  0  0  0  0  0  0  0  0  0  0  0  0  0  0  0  0  0  0  0  0  0  0  0  
0  0  0  0  0  0  0  0  0  0  0  0  0  0  0  0  0  0  0  0  0  0  0  0  0  0  0  0  0  0  0  0  0  0  0  0  0  0  0  0  0  0  0  0  0  0  0  0  0  0  0  
0  0  0  0  0  0  0  0  0  0  0  0  0  0  0  0  0  0  0  0  0  0  0  0  0  0  0  0  0  0  0  0  0  0  0  0  0  0  0  0  0  0  0  0  0  0  0  0  0  0  0  
0  0  0  0  0  0  0  0  0  0  0  0  0  0  0  0  0  0  0  0  0  0  0  0  0  0  0  0  0  0  0  0  0  0  0  0  0  0  0  0  0  0  0  0  0  0  0  0  0  0  0  
0  0  0  0  0  0  0  0  0  0  0  0  0  0  0  0  0  0  0  0  0  0  0  0  0  0  0  0  0  0  0  0  0  0  0  0  0  0  0  0  0  0  0  0  0  0  0  0  0  0  0  
0  0  0  0  0  0  0  0  0  0  0  0  0  0  0  0  0  0  0  0  0  0  0  0  0  0  0  0  0  0  0  0  0  0  0  0  0  0  0  0  0  0  0  0  0  0  0  0  0  0  0  
0  0  0  0  0  0  0  0  0  0  0  0  0  0  0  0  0  0  0  0  0  0  0  0  0  0  0  0  0  0  0  0  0  0  0  0  0  0  0  0  0  0  0  0  0  0  0  0  0  0  0  
0  0  0  0  0  0  0  0  0  0  0  0  0  0  0  0  0  0  0  0  0  0  0  0  0  0  0  0  0  0  0  0  0  0  0  0  0  0  0  0  0  0  0  0  0  0  0  0  0  0  0  
0  0  0  0  0  0  0  0  0  0  0  0  0  0  0  0  0  0  0  0  0  0  0  0  0  0  0  0  0  0  0  0  0  0  0  0  0  0  0  0  0  0  0  0  0  0  0  0  0  0  0  
0  0  0  0  0  0  0  0  0  0  0  0  0  0  0  0  0  0  0  0  0  0  0  0  0  0  0  0  0  0  0  0  0  0  0  0  0  0  0  0  0  0  0  4  0  0  0  0  0  1  0  
0  0  0  0  0  0  0  0  0  0  0  0  0  0  0  0  0  0  0  0  0  0  0  0  0  0  0  0  0  0  0  0  0  0  0  0  0  0  0  0  0  0  0  0  0  0  0  0  0  0  0  
0  0  0  0  0  0  0  0  0  0  0  0  0  0  0  0  0  0  0  0  0  0  0  0  0  0  0  0  0  0  0  0  0  0  0  0  0  0  0  0  0  0  0  0  0  0  0  0  0  0  0  
42  138  0  0  0  0  0  0  0  0  0  0  0  0  0  0  0  0  5  2  6  0  0  0  0  0  0  0  0  0  0  0  0  0  0  0  0  0  0  0  0  0  2  1654  34  8  0  1  0  21  0  
62  10  0  0  0  0  0  0  0  0  0  0  0  0  0  0  0  0  0  8  0  0  0  0  0  0  0  0  0  0  0  0  0  0  0  0  0  0  0  0  0  2  0  31  1  0  0  1  0  1  0  
127  219  41  46  38  6  17  4  2  2  0  0  0  4  1  18  16  9  39  126  45  21  19  63  5  6  2  23  6  32  112  39  9  6  4  2  19  34  18  18  68  36  81  181  71  72  33  35  18  19  5  
0  0  0  0  0  0  0  0  0  0  0  0  0  0  0  0  0  0  0  0  0  0  0  0  0  0  0  0  0  0  0  0  0  0  0  0  0  0  0  0  0  0  0  0  0  0  0  0  0  0  0  
0  0  0  0  0  0  0  0  0  0  0  0  0  0  0  0  0  0  0  0  0  0  0  0  0  0  0  0  0  0  0  0  0  0  0  0  0  0  0  0  0  0  0  0  0  0  0  0  0  0  0  
246  157  0  0  0  0  0  0  0  0  0  0  0  0  0  0  0  0  27  146  4  2  4  8  0  4  0  2  0  2  12  0  0  0  0  0  0  8  4  0  12  13  8  1596  10  4  6  10  0  6  0  
564  431  3  0  0  0  0  0  0  0  0  0  0  0  0  0  0  0  80  178  30  59  3  9  16  3  1  2  0  74  9  3  0  0  0  0  63  6  3  3  218  8  18  2055  126  42  117  8  3  89  1  
0  0  0  0  0  0  0  0  0  0  0  0  0  0  0  0  0  0  0  0  0  0  0  0  0  0  0  0  0  0  0  0  0  0  0  0  0  0  0  0  0  0  0  0  0  0  0  0  0  0  0  
0  0  0  0  0  0  0  0  0  0  0  0  0  0  0  0  0  0  0  0  0  0  0  0  0  0  0  0  0  0  0  0  0  0  0  0  0  0  0  0  0  0  0  0  0  0  0  0  0  0  0  
0  0  0  0  0  0  0  0  0  0  0  0  0  0  0  0  0  0  0  0  0  0  0  0  0  0  0  0  0  0  0  0  0  0  0  0  0  0  0  0  0  0  0  0  0  0  0  0  0  0  0  
0  0  0  0  0  0  0  0  0  0  0  0  0  0  0  0  0  0  0  0  0  0  0  0  0  0  0  0  0  0  0  0  0  0  0  0  0  0  0  0  0  0  0  0  0  0  0  0  0  0  0  
0  0  0  0  0  0  0  0  0  0  0  0  0  0  0  0  0  0  0  0  0  0  0  0  0  0  0  0  0  0  0  0  0  0  0  0  0  0  0  0  0  0  0  0  0  0  0  0  0  0  0  
18  6  0  0  0  0  0  0  0  0  0  0  0  0  0  0  0  0  2  1  0  0  0  0  0  0  0  0  0  1  0  0  0  0  0  0  0  0  0  0  1  0  0  20  6  0  2  0  0  4  0  
6  0  0  0  0  0  0  0  0  0  0  0  0  0  0  0  0  0  1  0  0  0  0  0  0  0  0  0  0  0  0  0  0  0  0  0  0  0  0  0  0  0  0  6  0  0  0  0  0  0  0  
44  0  0  0  0  0  0  0  0  0  0  0  0  0  0  0  0  0  5  0  0  0  0  0  0  0  0  0  0  0  0  0  0  0  0  0  0  0  0  0  0  0  0  1431  0  0  0  0  0  0  0  
0  0  0  0  0  0  0  0  0  0  0  0  0  0  0  0  0  0  0  0  0  0  0  0  0  0  0  0  0  0  0  0  0  0  0  0  0  0  0  0  0  0  0  2  0  0  1  0  0  1  0  
0  0  0  0  0  0  0  0  0  0  0  0  0  0  0  0  0  0  0  0  0  0  0  0  0  0  0  0  0  0  0  0  0  0  0  0  0  0  0  0  0  0  0  2  0  0  1  0  0  1  0  
0  0  0  0  0  0  0  0  0  0  0  0  0  0  0  0  0  0  0  0  0  0  0  0  0  0  0  0  0  0  0  0  0  0  0  0  0  0  0  0  0  0  0  0  0  0  0  0  0  0  0  
0  0  0  0  0  0  0  0  0  0  0  0  0  0  0  0  0  0  0  0  0  0  0  0  0  0  0  0  0  0  0  0  0  0  0  0  0  0  0  0  0  0  0  0  0  0  0  0  0  0  0  
0  0  0  0  0  0  0  0  0  0  0  0  0  0  0  0  0  0  0  0  0  0  0  0  0  0  0  0  0  0  0  0  0  0  0  0  0  0  0  0  0  0  0  0  0  0  0  0  0  0  0  
67  365  30  48  27  6  27  6  6  21  4  2  1  12  1  24  28  20  21  127  112  12  22  125  4  22  20  21  15  12  105  84  6  13  6  13  12  44  40  84  44  35  178  122  154  270  22  41  90  24  35  
2014  4074  278  381  342  54  275  42  135  115  15  32  7  96  36  240  298  142  265  2132  466  182  449  1072  40  284  112  244  57  278  1354  513  112  73  97  70  214  694  399  441  1144  555  1538  7270  1304  1616  429  696  448  381  210  
1159  576  70  95  15  22  15  22  10  0  0  0  0  6  0  69  17  0  182  476  21  162  139  55  48  21  0  72  0  232  371  13  40  3  40  0  214  232  21  0  908  172  42  5146  176  21  386  176  0  284  0  
0  0  0  0  0  0  0  0  0  0  0  0  0  0  0  0  0  0  0  0  0  0  0  0  0  0  0  0  0  0  0  0  0  0  0  0  0  0  0  0  0  0  0  0  0  0  0  0  0  0  0  
0  0  0  0  0  0  0  0  0  0  0  0  0  0  0  0  0  0  0  0  0  0  0  0  0  0  0  0  0  0  0  0  0  0  0  0  0  0  0  0  0  0  0  0  0  0  0  0  0  0  0  
83  179  11  15  3  2  3  1  0  0  0  0  0  1  0  7  0  0  21  58  12  11  5  10  2  0  0  8  0  13  46  11  2  1  1  0  8  19  5  1  41  21  30  197  86  43  33  33  2  43  1  
90  220  12  11  10  1  5  0  1  1  0  0  0  1  0  2  5  2  16  81  24  5  8  31  0  6  2  9  1  8  60  22  2  2  1  1  3  24  16  10  36  27  68  199  90  78  23  48  12  37  5  
92  90  9  12  4  2  3  1  0  0  0  0  0  1  0  4  2  0  21  52  4  11  7  7  2  0  0  8  0  14  41  4  2  1  1  0  8  18  5  0  45  21  14  209  38  9  29  32  0  37  0  
96  83  7  9  4  0  2  0  2  0  0  0  0  0  0  5  3  0  15  60  8  6  11  18  0  8  0  8  0  15  40  2  2  0  2  0  6  29  8  0  43  31  16  207  38  8  31  38  0  40  0  
105  132  10  10  11  1  5  0  1  1  0  0  0  1  0  2  7  1  16  76  15  5  11  27  0  7  1  9  1  9  59  11  2  2  1  1  3  26  17  5  39  28  44  204  60  29  24  51  4  39  1  
0  0  0  0  0  0  0  0  0  0  0  0  0  0  0  0  0  0  0  0  0  0  0  0  0  0  0  0  0  0  0  0  0  0  0  0  0  0  0  0  0  0  0  0  0  0  0  0  0  0  0  
0  0  0  0  0  0  0  0  0  0  0  0  0  0  0  0  0  0  0  0  0  0  0  0  0  0  0  0  0  0  0  0  0  0  0  0  0  0  0  0  0  0  0  0  0  0  0  0  0  0  0  
372  0  0  0  0  0  0  0  0  0  0  0  0  0  0  0  0  0  71  0  0  51  0  0  11  0  0  0  0  57  0  0  0  0  0  0  39  0  0  0  172  0  0  420  0  0  60  0  0  35  0  
1528  1092  132  219  75  46  77  46  45  9  4  4  1  38  3  163  87  10  223  829  90  200  221  238  61  90  4  134  3  285  749  58  88  17  88  4  267  528  90  12  1064  397  180  5666  387  90  516  387  6  417  1  
1528  1092  132  219  75  46  77  46  45  9  4  4  1  38  3  163  87  10  223  829  90  200  221  238  61  90  4  134  3  285  749  58  88  17  88  4  267  528  90  12  1064  397  180  5666  387  90  516  387  6  417  1  
396  0  0  0  0  0  0  0  0  0  0  0  0  0  0  0  0  0  72  0  0  57  0  0  16  0  0  0  0  72  0  0  0  0  0  0  63  0  0  0  208  0  0  552  0  0  112  0  0  84  0  
1  0  0  0  0  0  0  0  0  0  0  0  0  0  0  0  0  0  0  0  0  0  0  0  0  0  0  0  0  0  0  0  0  0  0  0  0  0  0  0  0  0  0  3  0  0  0  0  0  0  0  
43  13  0  0  0  0  0  0  0  0  0  0  0  0  0  0  0  0  15  3  0  6  0  0  1  0  0  0  0  6  0  0  0  0  0  0  3  0  0  0  20  0  0  46  3  0  3  0  0  1  0  
101  133  12  21  3  3  3  3  3  0  0  0  0  0  0  15  3  0  36  87  10  27  13  23  8  7  1  18  0  33  48  9  6  0  6  0  30  35  7  3  71  23  34  194  58  30  49  32  3  30  1  
13  0  0  0  0  0  0  0  0  0  0  0  0  0  0  0  0  0  3  0  0  0  0  0  0  0  0  0  0  0  0  0  0  0  0  0  0  0  0  0  0  0  0  3  0  0  0  0  0  0  0  
1  0  0  0  0  0  0  0  0  0  0  0  0  0  0  0  0  0  0  0  0  0  0  0  0  0  0  0  0  0  0  0  0  0  0  0  0  0  0  0  0  0  0  3  0  0  0  0  0  0  0  
0  1  0  0  0  0  0  0  0  0  0  0  0  0  0  0  0  0  0  0  0  0  0  0  0  0  0  0  0  0  0  0  0  0  0  0  0  0  0  0  0  0  0  2  3  0  0  0  0  1  0  
102  267  30  30  45  4  29  4  11  18  2  4  1  10  3  18  32  22  21  145  71  12  26  118  4  26  15  21  15  12  123  63  6  13  6  13  12  52  50  63  52  44  154  186  91  128  26  61  54  24  15  
119  141  22  37  24  5  24  5  15  9  2  4  1  10  3  26  26  10  30  121  27  22  30  70  6  27  4  26  3  30  98  16  11  4  11  4  26  68  27  12  80  46  54  226  54  27  48  54  6  32  1  
119  141  22  37  24  6  23  6  14  9  2  4  1  10  3  26  26  10  30  121  27  22  30  70  6  27  4  26  3  30  98  16  11  4  11  4  26  68  27  12  80  46  54  226  54  27  48  54  6  32  1  
119  141  22  37  24  6  23  6  14  9  2  4  1  10  3  26  26  10  30  121  27  22  30  70  6  27  4  26  3  30  98  16  11  4  11  4  26  68  27  12  80  46  54  226  54  27  48  54  6  32  1  
105  90  12  15  3  3  3  3  3  0  0  0  0  0  0  9  3  0  36  76  8  27  14  19  8  8  0  18  0  33  51  3  6  0  6  0  30  37  8  0  73  32  16  216  34  8  50  34  0  31  0  
372  0  0  0  0  0  0  0  0  0  0  0  0  0  0  0  0  0  71  0  0  51  0  0  11  0  0  0  0  57  0  0  0  0  0  0  39  0  0  0  172  0  0  420  0  0  60  0  0  35  0  
