5  
0  
0  
0  
1  
0  
0  
0  
0  
0  
0  
0  
0  
0  
0  
0  
1  
0  
0  
0  
0  
0  
6  
5  
6  
3  
9  
0  
1  
0  
0  
0  
0  
0  
0  
0  
0  
0  
0  
0  
0  
0  
0  
3  
3  
3  
3  
0  
0  
1  
1  
5  
0  
0  
1  
1  
0  
0  
2  
4  
3  
0  
0  
0  
0  
0  
0  
0  
0  
0  
0  
0  
0  
0  
0  
0  
0  
0  
0  
0  
0  
0  
0  
0  
0  
0  
0  
1  
0  
0  
0  
0  
0  
0  
0  
0  
0  
0  
0  
0  
23  
23  
12  
0  
0  
0  
0  
0  
0  
0  
5  
0  
0  
0  
0  
0  
0  
0  
0  
0  
0  
0  
0  
0  
0  
0  
0  
0  
0  
1  
1  
1  
0  
0  
0  
3  
3  
0  
0  
0  
0  
0  
2  
2  
0  
0  
0  
0  
2  
0  
1  
0  
0  
1  
1  
2  
1  
1  
0  
0  
0  
0  
0  
0  
3  
3  
0  
0  
0  
0  
0  
0  
0  
0  
1  
1  
1  
0  
0  
1  
1  
0  
0  
1  
1  
1  
0  
0  
1  
2  
0  
0  
0  
0  
0  
1  
0  
0  
0  
1  
1  
1  
1  
1  
0  
0  
0  
0  
0  
0  
0  
0  
1  
0  
0  
0  
0  
1  
0  
0  
0  
0  
1  
1  
0  
0  
0  
0  
0  
18  
0  
0  
1  
0  
0  
0  
0  
0  
0  
0  
0  
7  
0  
0  
0  
12  
0  
0  
0  
0  
0  
0  
0  
0  
1  
1  
1  
0  
0  
0  
0  
0  
0  
0  
0  
0  
0  
0  
0  
0  
0  
0  
0  
0  
2  
1  
2  
1  
1  
2  
1  
2  
0  
0  
0  
0  
0  
1  
1  
6  
0  
0  
3  
3  
1  
0  
1  
1  
1  
0  
0  
0  
0  
0  
0  
0  
0  
9  
16  
3  
0  
0  
2  
4  
2  
3  
4  
0  
0  
0  
6  
6  
0  
0  
0  
3  
0  
0  
0  
9  
6  
6  
6  
3  
0  
