5  23  20  8  2  57  66  260  
0  0  0  0  0  5  0  0  
0  0  0  0  0  0  0  0  
0  0  0  0  0  0  0  0  
1  0  0  0  0  0  0  1  
0  0  0  0  0  1  0  0  
0  0  0  0  0  0  0  0  
0  0  0  0  0  0  0  0  
0  0  0  0  0  0  0  0  
0  0  0  0  0  0  0  0  
0  0  0  0  0  0  0  0  
0  0  0  0  0  0  0  0  
0  0  0  0  0  0  0  0  
0  0  0  0  0  0  0  0  
0  0  0  0  0  0  0  0  
0  0  0  0  0  1  0  0  
1  0  0  0  0  0  1  2  
0  0  0  0  0  1  0  0  
0  0  0  0  0  0  0  0  
0  0  0  0  0  0  0  0  
0  0  0  0  0  0  0  0  
0  0  0  0  0  0  0  0  
6  17  10  10  2  16  34  18  
5  13  10  8  2  17  33  10  
6  17  10  10  2  16  34  18  
3  6  6  3  1  14  20  3  
9  22  11  19  3  13  47  36  
0  0  0  0  0  1  0  0  
1  0  0  0  0  1  7  1  
0  1  0  0  0  0  0  0  
0  1  0  0  0  0  0  0  
0  1  0  0  0  0  0  0  
0  1  0  0  0  0  0  0  
0  0  0  0  0  0  0  0  
0  0  0  0  0  0  0  0  
0  0  0  0  0  0  0  0  
0  0  0  0  0  0  0  0  
0  0  0  0  0  0  0  0  
0  0  0  0  0  0  0  0  
0  0  0  0  0  0  0  0  
0  0  0  0  0  0  0  0  
0  0  0  0  0  0  0  0  
0  0  0  0  0  0  0  0  
3  3  3  3  1  3  6  3  
3  3  3  3  1  3  6  3  
3  3  3  3  1  3  6  3  
3  3  3  3  1  3  6  3  
0  0  0  0  0  0  0  0  
0  0  0  0  0  0  0  0  
1  1  0  0  0  2  1  3  
1  0  0  0  0  0  4  0  
5  15  8  6  1  16  27  15  
0  0  0  0  0  0  0  0  
0  0  0  0  0  0  0  0  
1  0  0  0  0  0  2  0  
1  0  0  0  0  0  0  2  
0  0  0  0  0  0  0  0  
0  0  0  0  0  5  0  0  
2  6  3  1  0  13  12  2  
4  5  5  3  1  7  14  12  
3  3  3  3  1  9  12  6  
0  0  0  0  0  0  0  0  
0  0  0  0  0  0  0  0  
0  0  0  0  0  0  0  0  
0  0  0  0  0  5  0  0  
0  0  0  0  0  0  0  0  
0  0  0  0  0  0  0  0  
0  0  0  0  0  0  0  0  
0  0  0  0  0  0  0  0  
0  0  0  0  0  0  0  0  
0  0  0  0  0  0  0  0  
0  0  0  0  0  0  0  0  
0  0  0  0  0  0  0  0  
0  0  0  0  0  5  0  0  
0  0  0  0  0  5  0  0  
0  0  0  0  0  5  0  0  
0  0  0  0  0  5  0  0  
0  0  0  0  0  5  0  0  
0  0  0  0  0  5  0  0  
0  0  0  0  0  5  0  0  
0  0  0  0  0  5  0  0  
0  0  0  0  0  5  0  0  
0  0  0  0  0  5  0  0  
0  0  0  0  0  5  0  0  
0  0  0  0  0  5  0  0  
0  0  0  0  0  5  0  0  
0  0  0  0  0  5  0  0  
1  2  2  0  0  9  4  1  
0  0  0  0  0  5  0  0  
0  0  0  0  0  5  0  0  
0  0  0  0  0  5  0  0  
0  0  0  0  0  5  0  0  
0  0  0  0  0  5  0  0  
0  0  0  0  0  5  0  0  
0  0  0  0  0  5  0  0  
0  0  0  0  0  5  0  0  
0  0  0  0  0  5  0  0  
0  0  0  0  0  5  0  0  
0  0  0  0  0  5  0  0  
0  0  0  0  0  5  0  0  
23  105  60  105  20  60  402  230  
23  105  60  105  20  60  420  184  
12  60  53  39  11  73  282  48  
0  0  0  0  0  5  0  0  
0  0  0  0  0  5  0  0  
0  0  0  0  0  5  0  0  
0  0  0  0  0  5  0  0  
0  0  0  0  0  5  0  0  
0  0  0  0  0  5  0  0  
0  0  0  0  0  5  0  0  
5  27  24  8  2  59  174  10  
0  0  0  0  0  5  0  0  
0  0  0  0  0  5  0  0  
0  0  0  0  0  5  0  0  
0  0  0  0  0  5  0  0  
0  0  0  0  0  6  0  0  
0  0  0  0  0  5  0  0  
0  0  0  0  0  5  0  0  
0  0  0  0  0  5  0  0  
0  0  0  0  0  5  0  0  
0  0  0  0  0  5  0  0  
0  0  0  0  0  5  0  0  
0  0  0  0  0  9  0  0  
0  0  0  0  0  0  0  0  
0  0  0  0  0  23  0  0  
0  0  0  0  0  23  0  0  
0  0  0  0  0  0  0  0  
0  0  0  0  0  0  0  0  
0  0  0  0  0  0  0  0  
1  1  0  0  0  1  2  1  
1  0  0  0  0  1  3  0  
1  1  0  0  0  1  2  1  
0  1  0  0  0  2  0  0  
0  0  0  0  0  0  0  0  
0  0  0  0  0  0  0  0  
3  3  0  3  0  6  12  9  
3  3  0  3  0  6  15  6  
0  0  0  0  0  1  0  0  
0  0  0  0  0  0  0  0  
0  0  0  0  0  0  0  0  
0  0  0  0  0  0  0  0  
0  0  0  0  0  0  0  0  
2  1  0  0  0  1  5  12  
2  0  0  0  0  1  6  6  
0  0  0  0  0  2  0  0  
0  0  0  0  0  0  0  0  
0  0  0  0  0  0  0  0  
0  0  0  0  0  0  0  0  
2  1  0  1  0  0  2  4  
0  0  0  0  0  2  0  0  
1  1  0  0  0  4  3  1  
0  0  0  0  0  1  0  0  
0  0  0  0  0  0  0  0  
1  0  0  0  0  0  1  0  
1  0  0  0  0  0  1  0  
2  1  0  1  0  0  4  2  
1  1  1  0  0  2  3  0  
1  1  1  0  0  2  3  0  
0  0  0  0  0  0  0  0  
0  0  0  0  0  0  0  0  
0  0  0  0  0  0  0  0  
0  0  0  0  0  0  0  0  
0  0  0  0  0  0  0  0  
0  0  0  0  0  0  0  0  
3  3  0  3  0  3  10  6  
3  3  0  3  0  3  10  6  
0  0  0  0  0  3  0  0  
0  0  0  0  0  0  0  0  
0  0  0  0  0  0  0  0  
0  0  0  0  0  0  0  0  
0  0  0  0  0  0  0  0  
0  0  0  0  0  0  0  0  
0  0  0  0  0  0  0  0  
0  0  0  0  0  0  0  0  
1  0  0  0  0  0  1  0  
1  0  0  0  0  0  1  0  
1  0  0  0  0  16  0  1  
0  0  0  0  0  0  0  0  
0  0  0  0  0  0  0  0  
1  2  2  0  0  4  5  0  
1  2  2  0  0  4  5  0  
0  0  0  0  0  0  0  0  
0  0  0  0  0  0  0  0  
1  0  0  0  0  0  1  0  
1  0  0  0  0  0  0  1  
1  0  0  0  0  0  1  0  
0  0  0  0  0  1  0  0  
0  0  0  0  0  0  0  0  
1  0  0  0  0  1  3  0  
2  1  0  0  0  0  2  4  
0  0  0  0  0  0  0  0  
0  0  0  0  0  0  0  0  
0  0  0  0  0  0  0  0  
0  0  0  0  0  0  0  0  
0  0  0  0  0  0  0  0  
1  0  0  0  0  2  9  0  
0  0  0  0  0  2  0  0  
0  0  0  0  0  2  0  0  
0  0  0  0  0  2  0  0  
1  0  0  0  0  1  3  0  
1  0  0  0  0  1  3  0  
1  0  0  0  0  0  6  0  
1  1  0  0  0  1  0  6  
1  0  0  0  0  0  6  0  
0  0  0  0  0  1  0  0  
0  0  0  0  0  1  0  0  
0  0  0  0  0  1  0  0  
0  0  0  0  0  0  0  0  
0  0  0  0  0  0  0  0  
0  0  0  0  0  0  0  0  
0  0  0  0  0  1  0  0  
0  1  0  0  0  3  0  0  
1  1  0  0  0  2  7  1  
0  0  0  0  0  0  0  0  
0  0  0  0  0  0  0  0  
0  0  0  0  0  0  0  0  
0  0  0  0  0  0  0  0  
1  2  2  0  0  4  4  0  
0  0  0  0  0  1  0  0  
0  0  0  0  0  0  0  0  
0  0  0  0  0  18  0  0  
0  0  0  0  0  5  0  0  
1  0  0  0  0  0  0  0  
1  0  0  0  0  0  0  0  
0  0  0  0  0  0  0  0  
0  0  0  0  0  0  0  0  
0  0  0  0  0  0  0  0  
0  0  0  0  0  0  0  0  
0  0  0  0  0  0  0  0  
18  85  59  76  17  67  230  144  
0  0  0  0  0  18  0  0  
0  0  0  0  0  0  0  0  
1  0  0  0  0  0  2  0  
0  0  0  0  0  0  0  0  
0  0  0  0  0  0  0  0  
0  0  0  0  0  0  0  0  
0  0  0  0  0  0  0  0  
0  0  0  0  0  0  0  0  
0  0  0  0  0  0  0  0  
0  0  0  0  0  0  0  0  
0  0  0  0  0  0  0  0  
7  11  5  9  1  7  28  42  
0  0  0  0  0  7  0  0  
0  0  0  0  0  0  0  0  
0  0  0  0  0  0  0  0  
12  57  51  39  11  71  172  72  
0  0  0  0  0  0  0  0  
0  0  0  0  0  0  0  0  
0  0  0  0  0  0  0  0  
0  0  0  0  0  0  0  0  
0  0  0  0  0  0  0  0  
0  0  0  0  0  0  0  0  
0  0  0  0  0  0  0  0  
0  0  0  0  0  0  0  0  
1  0  0  0  0  0  2  0  
1  0  0  0  0  0  2  0  
1  0  0  0  0  0  0  2  
0  0  0  0  0  0  0  0  
0  0  0  0  0  0  0  0  
0  0  0  0  0  0  0  0  
0  0  0  0  0  0  0  0  
0  0  0  0  0  0  0  0  
0  0  0  0  0  0  0  0  
0  0  0  0  0  0  0  0  
0  0  0  0  0  0  0  0  
0  0  0  0  0  0  0  0  
0  0  0  0  0  0  0  0  
0  0  0  0  0  0  0  0  
0  0  0  0  0  0  0  0  
0  0  0  0  0  0  0  0  
0  0  0  0  0  0  0  0  
0  0  0  0  0  0  0  0  
0  0  0  0  0  0  0  0  
0  0  0  0  0  0  0  0  
2  1  0  1  0  0  2  2  
1  1  1  0  0  2  2  0  
2  1  0  1  0  0  2  2  
1  1  1  0  0  2  2  0  
1  1  1  0  0  2  2  0  
2  1  0  1  0  0  2  2  
1  1  1  0  0  2  2  0  
2  1  0  1  0  0  2  2  
0  0  0  0  0  0  0  0  
0  0  0  0  0  0  0  0  
0  0  0  0  0  0  0  0  
0  0  0  0  0  0  0  0  
0  0  0  0  0  0  0  0  
1  0  0  0  0  0  2  1  
1  0  0  0  0  0  3  0  
6  16  8  9  1  15  33  18  
0  0  0  0  0  0  0  0  
0  0  0  0  0  0  0  0  
3  3  3  3  1  4  14  3  
3  3  3  3  1  20  12  6  
1  0  0  0  0  0  0  1  
0  0  0  0  0  1  0  0  
1  0  0  0  0  0  1  0  
1  0  0  0  0  0  1  0  
1  0  0  0  0  0  0  0  
0  0  0  0  0  1  0  0  
0  0  0  0  0  0  0  0  
0  0  0  0  0  0  0  0  
0  0  0  0  0  1  0  0  
0  0  0  0  0  1  0  0  
0  0  0  0  0  0  0  0  
0  0  0  0  0  0  0  0  
0  0  0  0  0  0  0  0  
9  21  15  21  5  15  44  45  
16  72  57  63  16  72  208  128  
3  16  16  3  1  52  48  3  
0  0  0  0  0  0  0  0  
0  0  0  0  0  0  0  0  
2  6  3  1  0  10  16  4  
4  9  5  5  1  9  26  12  
2  5  3  1  0  9  16  2  
3  5  5  3  1  9  22  3  
4  8  5  5  1  8  27  8  
0  0  0  0  0  0  0  0  
0  0  0  0  0  0  0  0  
0  0  0  0  0  12  0  0  
6  35  35  12  4  68  102  12  
6  35  35  12  4  68  102  12  
0  0  0  0  0  16  0  0  
0  0  0  0  0  0  0  0  
0  0  0  0  0  3  0  0  
3  6  6  3  1  15  20  6  
0  0  0  0  0  0  0  0  
0  0  0  0  0  0  0  0  
0  0  0  0  0  0  0  0  
9  21  15  21  5  15  49  36  
6  14  14  12  4  18  39  12  
6  14  14  12  4  18  39  12  
6  14  14  12  4  18  39  12  
3  6  6  3  1  15  22  3  
0  0  0  0  0  12  0  0  
