 0.0147493   0.0243644   0.0291545   0.0116618   0.0128205   0.0368217   0.0213178   0.1679587  
 0.0000000   0.0000000   0.0000000   0.0000000   0.0000000   0.0032300   0.0000000   0.0000000  
 0.0000000   0.0000000   0.0000000   0.0000000   0.0000000   0.0000000   0.0000000   0.0000000  
 0.0000000   0.0000000   0.0000000   0.0000000   0.0000000   0.0000000   0.0000000   0.0000000  
 0.0029499   0.0000000   0.0000000   0.0000000   0.0000000   0.0000000   0.0000000   0.0006460  
 0.0000000   0.0000000   0.0000000   0.0000000   0.0000000   0.0006460   0.0000000   0.0000000  
 0.0000000   0.0000000   0.0000000   0.0000000   0.0000000   0.0000000   0.0000000   0.0000000  
 0.0000000   0.0000000   0.0000000   0.0000000   0.0000000   0.0000000   0.0000000   0.0000000  
 0.0000000   0.0000000   0.0000000   0.0000000   0.0000000   0.0000000   0.0000000   0.0000000  
 0.0000000   0.0000000   0.0000000   0.0000000   0.0000000   0.0000000   0.0000000   0.0000000  
 0.0000000   0.0000000   0.0000000   0.0000000   0.0000000   0.0000000   0.0000000   0.0000000  
 0.0000000   0.0000000   0.0000000   0.0000000   0.0000000   0.0000000   0.0000000   0.0000000  
 0.0000000   0.0000000   0.0000000   0.0000000   0.0000000   0.0000000   0.0000000   0.0000000  
 0.0000000   0.0000000   0.0000000   0.0000000   0.0000000   0.0000000   0.0000000   0.0000000  
 0.0000000   0.0000000   0.0000000   0.0000000   0.0000000   0.0000000   0.0000000   0.0000000  
 0.0000000   0.0000000   0.0000000   0.0000000   0.0000000   0.0006460   0.0000000   0.0000000  
 0.0029499   0.0000000   0.0000000   0.0000000   0.0000000   0.0000000   0.0003230   0.0012920  
 0.0000000   0.0000000   0.0000000   0.0000000   0.0000000   0.0006460   0.0000000   0.0000000  
 0.0000000   0.0000000   0.0000000   0.0000000   0.0000000   0.0000000   0.0000000   0.0000000  
 0.0000000   0.0000000   0.0000000   0.0000000   0.0000000   0.0000000   0.0000000   0.0000000  
 0.0000000   0.0000000   0.0000000   0.0000000   0.0000000   0.0000000   0.0000000   0.0000000  
 0.0000000   0.0000000   0.0000000   0.0000000   0.0000000   0.0000000   0.0000000   0.0000000  
 0.0176991   0.0180085   0.0145773   0.0145773   0.0128205   0.0103359   0.0109819   0.0116279  
 0.0147493   0.0137712   0.0145773   0.0116618   0.0128205   0.0109819   0.0106589   0.0064599  
 0.0176991   0.0180085   0.0145773   0.0145773   0.0128205   0.0103359   0.0109819   0.0116279  
 0.0088496   0.0063559   0.0087464   0.0043732   0.0064103   0.0090439   0.0064599   0.0019380  
 0.0265487   0.0233051   0.0160350   0.0276968   0.0192308   0.0083979   0.0151809   0.0232558  
 0.0000000   0.0000000   0.0000000   0.0000000   0.0000000   0.0006460   0.0000000   0.0000000  
 0.0029499   0.0000000   0.0000000   0.0000000   0.0000000   0.0006460   0.0022610   0.0006460  
 0.0000000   0.0010593   0.0000000   0.0000000   0.0000000   0.0000000   0.0000000   0.0000000  
 0.0000000   0.0010593   0.0000000   0.0000000   0.0000000   0.0000000   0.0000000   0.0000000  
 0.0000000   0.0010593   0.0000000   0.0000000   0.0000000   0.0000000   0.0000000   0.0000000  
 0.0000000   0.0010593   0.0000000   0.0000000   0.0000000   0.0000000   0.0000000   0.0000000  
 0.0000000   0.0000000   0.0000000   0.0000000   0.0000000   0.0000000   0.0000000   0.0000000  
 0.0000000   0.0000000   0.0000000   0.0000000   0.0000000   0.0000000   0.0000000   0.0000000  
 0.0000000   0.0000000   0.0000000   0.0000000   0.0000000   0.0000000   0.0000000   0.0000000  
 0.0000000   0.0000000   0.0000000   0.0000000   0.0000000   0.0000000   0.0000000   0.0000000  
 0.0000000   0.0000000   0.0000000   0.0000000   0.0000000   0.0000000   0.0000000   0.0000000  
 0.0000000   0.0000000   0.0000000   0.0000000   0.0000000   0.0000000   0.0000000   0.0000000  
 0.0000000   0.0000000   0.0000000   0.0000000   0.0000000   0.0000000   0.0000000   0.0000000  
 0.0000000   0.0000000   0.0000000   0.0000000   0.0000000   0.0000000   0.0000000   0.0000000  
 0.0000000   0.0000000   0.0000000   0.0000000   0.0000000   0.0000000   0.0000000   0.0000000  
 0.0000000   0.0000000   0.0000000   0.0000000   0.0000000   0.0000000   0.0000000   0.0000000  
 0.0088496   0.0031780   0.0043732   0.0043732   0.0064103   0.0019380   0.0019380   0.0019380  
 0.0088496   0.0031780   0.0043732   0.0043732   0.0064103   0.0019380   0.0019380   0.0019380  
 0.0088496   0.0031780   0.0043732   0.0043732   0.0064103   0.0019380   0.0019380   0.0019380  
 0.0088496   0.0031780   0.0043732   0.0043732   0.0064103   0.0019380   0.0019380   0.0019380  
 0.0000000   0.0000000   0.0000000   0.0000000   0.0000000   0.0000000   0.0000000   0.0000000  
 0.0000000   0.0000000   0.0000000   0.0000000   0.0000000   0.0000000   0.0000000   0.0000000  
 0.0029499   0.0010593   0.0000000   0.0000000   0.0000000   0.0012920   0.0003230   0.0019380  
 0.0029499   0.0000000   0.0000000   0.0000000   0.0000000   0.0000000   0.0012920   0.0000000  
 0.0147493   0.0158898   0.0116618   0.0087464   0.0064103   0.0103359   0.0087209   0.0096899  
 0.0000000   0.0000000   0.0000000   0.0000000   0.0000000   0.0000000   0.0000000   0.0000000  
 0.0000000   0.0000000   0.0000000   0.0000000   0.0000000   0.0000000   0.0000000   0.0000000  
 0.0029499   0.0000000   0.0000000   0.0000000   0.0000000   0.0000000   0.0006460   0.0000000  
 0.0029499   0.0000000   0.0000000   0.0000000   0.0000000   0.0000000   0.0000000   0.0012920  
 0.0000000   0.0000000   0.0000000   0.0000000   0.0000000   0.0000000   0.0000000   0.0000000  
 0.0000000   0.0000000   0.0000000   0.0000000   0.0000000   0.0032300   0.0000000   0.0000000  
 0.0058997   0.0063559   0.0043732   0.0014577   0.0000000   0.0083979   0.0038760   0.0012920  
 0.0117994   0.0052966   0.0072886   0.0043732   0.0064103   0.0045220   0.0045220   0.0077519  
 0.0088496   0.0031780   0.0043732   0.0043732   0.0064103   0.0058140   0.0038760   0.0038760  
 0.0000000   0.0000000   0.0000000   0.0000000   0.0000000   0.0000000   0.0000000   0.0000000  
 0.0000000   0.0000000   0.0000000   0.0000000   0.0000000   0.0000000   0.0000000   0.0000000  
 0.0000000   0.0000000   0.0000000   0.0000000   0.0000000   0.0000000   0.0000000   0.0000000  
 0.0000000   0.0000000   0.0000000   0.0000000   0.0000000   0.0032300   0.0000000   0.0000000  
 0.0000000   0.0000000   0.0000000   0.0000000   0.0000000   0.0000000   0.0000000   0.0000000  
 0.0000000   0.0000000   0.0000000   0.0000000   0.0000000   0.0000000   0.0000000   0.0000000  
 0.0000000   0.0000000   0.0000000   0.0000000   0.0000000   0.0000000   0.0000000   0.0000000  
 0.0000000   0.0000000   0.0000000   0.0000000   0.0000000   0.0000000   0.0000000   0.0000000  
 0.0000000   0.0000000   0.0000000   0.0000000   0.0000000   0.0000000   0.0000000   0.0000000  
 0.0000000   0.0000000   0.0000000   0.0000000   0.0000000   0.0000000   0.0000000   0.0000000  
 0.0000000   0.0000000   0.0000000   0.0000000   0.0000000   0.0000000   0.0000000   0.0000000  
 0.0000000   0.0000000   0.0000000   0.0000000   0.0000000   0.0000000   0.0000000   0.0000000  
 0.0000000   0.0000000   0.0000000   0.0000000   0.0000000   0.0032300   0.0000000   0.0000000  
 0.0000000   0.0000000   0.0000000   0.0000000   0.0000000   0.0032300   0.0000000   0.0000000  
 0.0000000   0.0000000   0.0000000   0.0000000   0.0000000   0.0032300   0.0000000   0.0000000  
 0.0000000   0.0000000   0.0000000   0.0000000   0.0000000   0.0032300   0.0000000   0.0000000  
 0.0000000   0.0000000   0.0000000   0.0000000   0.0000000   0.0032300   0.0000000   0.0000000  
 0.0000000   0.0000000   0.0000000   0.0000000   0.0000000   0.0032300   0.0000000   0.0000000  
 0.0000000   0.0000000   0.0000000   0.0000000   0.0000000   0.0032300   0.0000000   0.0000000  
 0.0000000   0.0000000   0.0000000   0.0000000   0.0000000   0.0032300   0.0000000   0.0000000  
 0.0000000   0.0000000   0.0000000   0.0000000   0.0000000   0.0032300   0.0000000   0.0000000  
 0.0000000   0.0000000   0.0000000   0.0000000   0.0000000   0.0032300   0.0000000   0.0000000  
 0.0000000   0.0000000   0.0000000   0.0000000   0.0000000   0.0032300   0.0000000   0.0000000  
 0.0000000   0.0000000   0.0000000   0.0000000   0.0000000   0.0032300   0.0000000   0.0000000  
 0.0000000   0.0000000   0.0000000   0.0000000   0.0000000   0.0032300   0.0000000   0.0000000  
 0.0000000   0.0000000   0.0000000   0.0000000   0.0000000   0.0032300   0.0000000   0.0000000  
 0.0029499   0.0021186   0.0029155   0.0000000   0.0000000   0.0058140   0.0012920   0.0006460  
 0.0000000   0.0000000   0.0000000   0.0000000   0.0000000   0.0032300   0.0000000   0.0000000  
 0.0000000   0.0000000   0.0000000   0.0000000   0.0000000   0.0032300   0.0000000   0.0000000  
 0.0000000   0.0000000   0.0000000   0.0000000   0.0000000   0.0032300   0.0000000   0.0000000  
 0.0000000   0.0000000   0.0000000   0.0000000   0.0000000   0.0032300   0.0000000   0.0000000  
 0.0000000   0.0000000   0.0000000   0.0000000   0.0000000   0.0032300   0.0000000   0.0000000  
 0.0000000   0.0000000   0.0000000   0.0000000   0.0000000   0.0032300   0.0000000   0.0000000  
 0.0000000   0.0000000   0.0000000   0.0000000   0.0000000   0.0032300   0.0000000   0.0000000  
 0.0000000   0.0000000   0.0000000   0.0000000   0.0000000   0.0032300   0.0000000   0.0000000  
 0.0000000   0.0000000   0.0000000   0.0000000   0.0000000   0.0032300   0.0000000   0.0000000  
 0.0000000   0.0000000   0.0000000   0.0000000   0.0000000   0.0032300   0.0000000   0.0000000  
 0.0000000   0.0000000   0.0000000   0.0000000   0.0000000   0.0032300   0.0000000   0.0000000  
 0.0000000   0.0000000   0.0000000   0.0000000   0.0000000   0.0032300   0.0000000   0.0000000  
 0.0678466   0.1112288   0.0874636   0.1530612   0.1282051   0.0387597   0.1298450   0.1485788  
 0.0678466   0.1112288   0.0874636   0.1530612   0.1282051   0.0387597   0.1356589   0.1188630  
 0.0353982   0.0635593   0.0772595   0.0568513   0.0705128   0.0471576   0.0910853   0.0310078  
 0.0000000   0.0000000   0.0000000   0.0000000   0.0000000   0.0032300   0.0000000   0.0000000  
 0.0000000   0.0000000   0.0000000   0.0000000   0.0000000   0.0032300   0.0000000   0.0000000  
 0.0000000   0.0000000   0.0000000   0.0000000   0.0000000   0.0032300   0.0000000   0.0000000  
 0.0000000   0.0000000   0.0000000   0.0000000   0.0000000   0.0032300   0.0000000   0.0000000  
 0.0000000   0.0000000   0.0000000   0.0000000   0.0000000   0.0032300   0.0000000   0.0000000  
 0.0000000   0.0000000   0.0000000   0.0000000   0.0000000   0.0032300   0.0000000   0.0000000  
 0.0000000   0.0000000   0.0000000   0.0000000   0.0000000   0.0032300   0.0000000   0.0000000  
 0.0147493   0.0286017   0.0349854   0.0116618   0.0128205   0.0381137   0.0562016   0.0064599  
 0.0000000   0.0000000   0.0000000   0.0000000   0.0000000   0.0032300   0.0000000   0.0000000  
 0.0000000   0.0000000   0.0000000   0.0000000   0.0000000   0.0032300   0.0000000   0.0000000  
 0.0000000   0.0000000   0.0000000   0.0000000   0.0000000   0.0032300   0.0000000   0.0000000  
 0.0000000   0.0000000   0.0000000   0.0000000   0.0000000   0.0032300   0.0000000   0.0000000  
 0.0000000   0.0000000   0.0000000   0.0000000   0.0000000   0.0038760   0.0000000   0.0000000  
 0.0000000   0.0000000   0.0000000   0.0000000   0.0000000   0.0032300   0.0000000   0.0000000  
 0.0000000   0.0000000   0.0000000   0.0000000   0.0000000   0.0032300   0.0000000   0.0000000  
 0.0000000   0.0000000   0.0000000   0.0000000   0.0000000   0.0032300   0.0000000   0.0000000  
 0.0000000   0.0000000   0.0000000   0.0000000   0.0000000   0.0032300   0.0000000   0.0000000  
 0.0000000   0.0000000   0.0000000   0.0000000   0.0000000   0.0032300   0.0000000   0.0000000  
 0.0000000   0.0000000   0.0000000   0.0000000   0.0000000   0.0032300   0.0000000   0.0000000  
 0.0000000   0.0000000   0.0000000   0.0000000   0.0000000   0.0058140   0.0000000   0.0000000  
 0.0000000   0.0000000   0.0000000   0.0000000   0.0000000   0.0000000   0.0000000   0.0000000  
 0.0000000   0.0000000   0.0000000   0.0000000   0.0000000   0.0148579   0.0000000   0.0000000  
 0.0000000   0.0000000   0.0000000   0.0000000   0.0000000   0.0148579   0.0000000   0.0000000  
 0.0000000   0.0000000   0.0000000   0.0000000   0.0000000   0.0000000   0.0000000   0.0000000  
 0.0000000   0.0000000   0.0000000   0.0000000   0.0000000   0.0000000   0.0000000   0.0000000  
 0.0000000   0.0000000   0.0000000   0.0000000   0.0000000   0.0000000   0.0000000   0.0000000  
 0.0029499   0.0010593   0.0000000   0.0000000   0.0000000   0.0006460   0.0006460   0.0006460  
 0.0029499   0.0000000   0.0000000   0.0000000   0.0000000   0.0006460   0.0009690   0.0000000  
 0.0029499   0.0010593   0.0000000   0.0000000   0.0000000   0.0006460   0.0006460   0.0006460  
 0.0000000   0.0010593   0.0000000   0.0000000   0.0000000   0.0012920   0.0000000   0.0000000  
 0.0000000   0.0000000   0.0000000   0.0000000   0.0000000   0.0000000   0.0000000   0.0000000  
 0.0000000   0.0000000   0.0000000   0.0000000   0.0000000   0.0000000   0.0000000   0.0000000  
 0.0088496   0.0031780   0.0000000   0.0043732   0.0000000   0.0038760   0.0038760   0.0058140  
 0.0088496   0.0031780   0.0000000   0.0043732   0.0000000   0.0038760   0.0048450   0.0038760  
 0.0000000   0.0000000   0.0000000   0.0000000   0.0000000   0.0006460   0.0000000   0.0000000  
 0.0000000   0.0000000   0.0000000   0.0000000   0.0000000   0.0000000   0.0000000   0.0000000  
 0.0000000   0.0000000   0.0000000   0.0000000   0.0000000   0.0000000   0.0000000   0.0000000  
 0.0000000   0.0000000   0.0000000   0.0000000   0.0000000   0.0000000   0.0000000   0.0000000  
 0.0000000   0.0000000   0.0000000   0.0000000   0.0000000   0.0000000   0.0000000   0.0000000  
 0.0058997   0.0010593   0.0000000   0.0000000   0.0000000   0.0006460   0.0016150   0.0077519  
 0.0058997   0.0000000   0.0000000   0.0000000   0.0000000   0.0006460   0.0019380   0.0038760  
 0.0000000   0.0000000   0.0000000   0.0000000   0.0000000   0.0012920   0.0000000   0.0000000  
 0.0000000   0.0000000   0.0000000   0.0000000   0.0000000   0.0000000   0.0000000   0.0000000  
 0.0000000   0.0000000   0.0000000   0.0000000   0.0000000   0.0000000   0.0000000   0.0000000  
 0.0000000   0.0000000   0.0000000   0.0000000   0.0000000   0.0000000   0.0000000   0.0000000  
 0.0058997   0.0010593   0.0000000   0.0014577   0.0000000   0.0000000   0.0006460   0.0025840  
 0.0000000   0.0000000   0.0000000   0.0000000   0.0000000   0.0012920   0.0000000   0.0000000  
 0.0029499   0.0010593   0.0000000   0.0000000   0.0000000   0.0025840   0.0009690   0.0006460  
 0.0000000   0.0000000   0.0000000   0.0000000   0.0000000   0.0006460   0.0000000   0.0000000  
 0.0000000   0.0000000   0.0000000   0.0000000   0.0000000   0.0000000   0.0000000   0.0000000  
 0.0029499   0.0000000   0.0000000   0.0000000   0.0000000   0.0000000   0.0003230   0.0000000  
 0.0029499   0.0000000   0.0000000   0.0000000   0.0000000   0.0000000   0.0003230   0.0000000  
 0.0058997   0.0010593   0.0000000   0.0014577   0.0000000   0.0000000   0.0012920   0.0012920  
 0.0029499   0.0010593   0.0014577   0.0000000   0.0000000   0.0012920   0.0009690   0.0000000  
 0.0029499   0.0010593   0.0014577   0.0000000   0.0000000   0.0012920   0.0009690   0.0000000  
 0.0000000   0.0000000   0.0000000   0.0000000   0.0000000   0.0000000   0.0000000   0.0000000  
 0.0000000   0.0000000   0.0000000   0.0000000   0.0000000   0.0000000   0.0000000   0.0000000  
 0.0000000   0.0000000   0.0000000   0.0000000   0.0000000   0.0000000   0.0000000   0.0000000  
 0.0000000   0.0000000   0.0000000   0.0000000   0.0000000   0.0000000   0.0000000   0.0000000  
 0.0000000   0.0000000   0.0000000   0.0000000   0.0000000   0.0000000   0.0000000   0.0000000  
 0.0000000   0.0000000   0.0000000   0.0000000   0.0000000   0.0000000   0.0000000   0.0000000  
 0.0088496   0.0031780   0.0000000   0.0043732   0.0000000   0.0019380   0.0032300   0.0038760  
 0.0088496   0.0031780   0.0000000   0.0043732   0.0000000   0.0019380   0.0032300   0.0038760  
 0.0000000   0.0000000   0.0000000   0.0000000   0.0000000   0.0019380   0.0000000   0.0000000  
 0.0000000   0.0000000   0.0000000   0.0000000   0.0000000   0.0000000   0.0000000   0.0000000  
 0.0000000   0.0000000   0.0000000   0.0000000   0.0000000   0.0000000   0.0000000   0.0000000  
 0.0000000   0.0000000   0.0000000   0.0000000   0.0000000   0.0000000   0.0000000   0.0000000  
 0.0000000   0.0000000   0.0000000   0.0000000   0.0000000   0.0000000   0.0000000   0.0000000  
 0.0000000   0.0000000   0.0000000   0.0000000   0.0000000   0.0000000   0.0000000   0.0000000  
 0.0000000   0.0000000   0.0000000   0.0000000   0.0000000   0.0000000   0.0000000   0.0000000  
 0.0000000   0.0000000   0.0000000   0.0000000   0.0000000   0.0000000   0.0000000   0.0000000  
 0.0029499   0.0000000   0.0000000   0.0000000   0.0000000   0.0000000   0.0003230   0.0000000  
 0.0029499   0.0000000   0.0000000   0.0000000   0.0000000   0.0000000   0.0003230   0.0000000  
 0.0029499   0.0000000   0.0000000   0.0000000   0.0000000   0.0103359   0.0000000   0.0006460  
 0.0000000   0.0000000   0.0000000   0.0000000   0.0000000   0.0000000   0.0000000   0.0000000  
 0.0000000   0.0000000   0.0000000   0.0000000   0.0000000   0.0000000   0.0000000   0.0000000  
 0.0029499   0.0021186   0.0029155   0.0000000   0.0000000   0.0025840   0.0016150   0.0000000  
 0.0029499   0.0021186   0.0029155   0.0000000   0.0000000   0.0025840   0.0016150   0.0000000  
 0.0000000   0.0000000   0.0000000   0.0000000   0.0000000   0.0000000   0.0000000   0.0000000  
 0.0000000   0.0000000   0.0000000   0.0000000   0.0000000   0.0000000   0.0000000   0.0000000  
 0.0029499   0.0000000   0.0000000   0.0000000   0.0000000   0.0000000   0.0003230   0.0000000  
 0.0029499   0.0000000   0.0000000   0.0000000   0.0000000   0.0000000   0.0000000   0.0006460  
 0.0029499   0.0000000   0.0000000   0.0000000   0.0000000   0.0000000   0.0003230   0.0000000  
 0.0000000   0.0000000   0.0000000   0.0000000   0.0000000   0.0006460   0.0000000   0.0000000  
 0.0000000   0.0000000   0.0000000   0.0000000   0.0000000   0.0000000   0.0000000   0.0000000  
 0.0029499   0.0000000   0.0000000   0.0000000   0.0000000   0.0006460   0.0009690   0.0000000  
 0.0058997   0.0010593   0.0000000   0.0000000   0.0000000   0.0000000   0.0006460   0.0025840  
 0.0000000   0.0000000   0.0000000   0.0000000   0.0000000   0.0000000   0.0000000   0.0000000  
 0.0000000   0.0000000   0.0000000   0.0000000   0.0000000   0.0000000   0.0000000   0.0000000  
 0.0000000   0.0000000   0.0000000   0.0000000   0.0000000   0.0000000   0.0000000   0.0000000  
 0.0000000   0.0000000   0.0000000   0.0000000   0.0000000   0.0000000   0.0000000   0.0000000  
 0.0000000   0.0000000   0.0000000   0.0000000   0.0000000   0.0000000   0.0000000   0.0000000  
 0.0029499   0.0000000   0.0000000   0.0000000   0.0000000   0.0012920   0.0029070   0.0000000  
 0.0000000   0.0000000   0.0000000   0.0000000   0.0000000   0.0012920   0.0000000   0.0000000  
 0.0000000   0.0000000   0.0000000   0.0000000   0.0000000   0.0012920   0.0000000   0.0000000  
 0.0000000   0.0000000   0.0000000   0.0000000   0.0000000   0.0012920   0.0000000   0.0000000  
 0.0029499   0.0000000   0.0000000   0.0000000   0.0000000   0.0006460   0.0009690   0.0000000  
 0.0029499   0.0000000   0.0000000   0.0000000   0.0000000   0.0006460   0.0009690   0.0000000  
 0.0029499   0.0000000   0.0000000   0.0000000   0.0000000   0.0000000   0.0019380   0.0000000  
 0.0029499   0.0010593   0.0000000   0.0000000   0.0000000   0.0006460   0.0000000   0.0038760  
 0.0029499   0.0000000   0.0000000   0.0000000   0.0000000   0.0000000   0.0019380   0.0000000  
 0.0000000   0.0000000   0.0000000   0.0000000   0.0000000   0.0006460   0.0000000   0.0000000  
 0.0000000   0.0000000   0.0000000   0.0000000   0.0000000   0.0006460   0.0000000   0.0000000  
 0.0000000   0.0000000   0.0000000   0.0000000   0.0000000   0.0006460   0.0000000   0.0000000  
 0.0000000   0.0000000   0.0000000   0.0000000   0.0000000   0.0000000   0.0000000   0.0000000  
 0.0000000   0.0000000   0.0000000   0.0000000   0.0000000   0.0000000   0.0000000   0.0000000  
 0.0000000   0.0000000   0.0000000   0.0000000   0.0000000   0.0000000   0.0000000   0.0000000  
 0.0000000   0.0000000   0.0000000   0.0000000   0.0000000   0.0006460   0.0000000   0.0000000  
 0.0000000   0.0010593   0.0000000   0.0000000   0.0000000   0.0019380   0.0000000   0.0000000  
 0.0029499   0.0010593   0.0000000   0.0000000   0.0000000   0.0012920   0.0022610   0.0006460  
 0.0000000   0.0000000   0.0000000   0.0000000   0.0000000   0.0000000   0.0000000   0.0000000  
 0.0000000   0.0000000   0.0000000   0.0000000   0.0000000   0.0000000   0.0000000   0.0000000  
 0.0000000   0.0000000   0.0000000   0.0000000   0.0000000   0.0000000   0.0000000   0.0000000  
 0.0000000   0.0000000   0.0000000   0.0000000   0.0000000   0.0000000   0.0000000   0.0000000  
 0.0029499   0.0021186   0.0029155   0.0000000   0.0000000   0.0025840   0.0012920   0.0000000  
 0.0000000   0.0000000   0.0000000   0.0000000   0.0000000   0.0006460   0.0000000   0.0000000  
 0.0000000   0.0000000   0.0000000   0.0000000   0.0000000   0.0000000   0.0000000   0.0000000  
 0.0000000   0.0000000   0.0000000   0.0000000   0.0000000   0.0116279   0.0000000   0.0000000  
 0.0000000   0.0000000   0.0000000   0.0000000   0.0000000   0.0032300   0.0000000   0.0000000  
 0.0029499   0.0000000   0.0000000   0.0000000   0.0000000   0.0000000   0.0000000   0.0000000  
 0.0029499   0.0000000   0.0000000   0.0000000   0.0000000   0.0000000   0.0000000   0.0000000  
 0.0000000   0.0000000   0.0000000   0.0000000   0.0000000   0.0000000   0.0000000   0.0000000  
 0.0000000   0.0000000   0.0000000   0.0000000   0.0000000   0.0000000   0.0000000   0.0000000  
 0.0000000   0.0000000   0.0000000   0.0000000   0.0000000   0.0000000   0.0000000   0.0000000  
 0.0000000   0.0000000   0.0000000   0.0000000   0.0000000   0.0000000   0.0000000   0.0000000  
 0.0000000   0.0000000   0.0000000   0.0000000   0.0000000   0.0000000   0.0000000   0.0000000  
 0.0530973   0.0900424   0.0860058   0.1107872   0.1089744   0.0432817   0.0742894   0.0930233  
 0.0000000   0.0000000   0.0000000   0.0000000   0.0000000   0.0116279   0.0000000   0.0000000  
 0.0000000   0.0000000   0.0000000   0.0000000   0.0000000   0.0000000   0.0000000   0.0000000  
 0.0029499   0.0000000   0.0000000   0.0000000   0.0000000   0.0000000   0.0006460   0.0000000  
 0.0000000   0.0000000   0.0000000   0.0000000   0.0000000   0.0000000   0.0000000   0.0000000  
 0.0000000   0.0000000   0.0000000   0.0000000   0.0000000   0.0000000   0.0000000   0.0000000  
 0.0000000   0.0000000   0.0000000   0.0000000   0.0000000   0.0000000   0.0000000   0.0000000  
 0.0000000   0.0000000   0.0000000   0.0000000   0.0000000   0.0000000   0.0000000   0.0000000  
 0.0000000   0.0000000   0.0000000   0.0000000   0.0000000   0.0000000   0.0000000   0.0000000  
 0.0000000   0.0000000   0.0000000   0.0000000   0.0000000   0.0000000   0.0000000   0.0000000  
 0.0000000   0.0000000   0.0000000   0.0000000   0.0000000   0.0000000   0.0000000   0.0000000  
 0.0000000   0.0000000   0.0000000   0.0000000   0.0000000   0.0000000   0.0000000   0.0000000  
 0.0206490   0.0116525   0.0072886   0.0131195   0.0064103   0.0045220   0.0090439   0.0271318  
 0.0000000   0.0000000   0.0000000   0.0000000   0.0000000   0.0045220   0.0000000   0.0000000  
 0.0000000   0.0000000   0.0000000   0.0000000   0.0000000   0.0000000   0.0000000   0.0000000  
 0.0000000   0.0000000   0.0000000   0.0000000   0.0000000   0.0000000   0.0000000   0.0000000  
 0.0353982   0.0603814   0.0743440   0.0568513   0.0705128   0.0458656   0.0555556   0.0465116  
 0.0000000   0.0000000   0.0000000   0.0000000   0.0000000   0.0000000   0.0000000   0.0000000  
 0.0000000   0.0000000   0.0000000   0.0000000   0.0000000   0.0000000   0.0000000   0.0000000  
 0.0000000   0.0000000   0.0000000   0.0000000   0.0000000   0.0000000   0.0000000   0.0000000  
 0.0000000   0.0000000   0.0000000   0.0000000   0.0000000   0.0000000   0.0000000   0.0000000  
 0.0000000   0.0000000   0.0000000   0.0000000   0.0000000   0.0000000   0.0000000   0.0000000  
 0.0000000   0.0000000   0.0000000   0.0000000   0.0000000   0.0000000   0.0000000   0.0000000  
 0.0000000   0.0000000   0.0000000   0.0000000   0.0000000   0.0000000   0.0000000   0.0000000  
 0.0000000   0.0000000   0.0000000   0.0000000   0.0000000   0.0000000   0.0000000   0.0000000  
 0.0029499   0.0000000   0.0000000   0.0000000   0.0000000   0.0000000   0.0006460   0.0000000  
 0.0029499   0.0000000   0.0000000   0.0000000   0.0000000   0.0000000   0.0006460   0.0000000  
 0.0029499   0.0000000   0.0000000   0.0000000   0.0000000   0.0000000   0.0000000   0.0012920  
 0.0000000   0.0000000   0.0000000   0.0000000   0.0000000   0.0000000   0.0000000   0.0000000  
 0.0000000   0.0000000   0.0000000   0.0000000   0.0000000   0.0000000   0.0000000   0.0000000  
 0.0000000   0.0000000   0.0000000   0.0000000   0.0000000   0.0000000   0.0000000   0.0000000  
 0.0000000   0.0000000   0.0000000   0.0000000   0.0000000   0.0000000   0.0000000   0.0000000  
 0.0000000   0.0000000   0.0000000   0.0000000   0.0000000   0.0000000   0.0000000   0.0000000  
 0.0000000   0.0000000   0.0000000   0.0000000   0.0000000   0.0000000   0.0000000   0.0000000  
 0.0000000   0.0000000   0.0000000   0.0000000   0.0000000   0.0000000   0.0000000   0.0000000  
 0.0000000   0.0000000   0.0000000   0.0000000   0.0000000   0.0000000   0.0000000   0.0000000  
 0.0000000   0.0000000   0.0000000   0.0000000   0.0000000   0.0000000   0.0000000   0.0000000  
 0.0000000   0.0000000   0.0000000   0.0000000   0.0000000   0.0000000   0.0000000   0.0000000  
 0.0000000   0.0000000   0.0000000   0.0000000   0.0000000   0.0000000   0.0000000   0.0000000  
 0.0000000   0.0000000   0.0000000   0.0000000   0.0000000   0.0000000   0.0000000   0.0000000  
 0.0000000   0.0000000   0.0000000   0.0000000   0.0000000   0.0000000   0.0000000   0.0000000  
 0.0000000   0.0000000   0.0000000   0.0000000   0.0000000   0.0000000   0.0000000   0.0000000  
 0.0000000   0.0000000   0.0000000   0.0000000   0.0000000   0.0000000   0.0000000   0.0000000  
 0.0000000   0.0000000   0.0000000   0.0000000   0.0000000   0.0000000   0.0000000   0.0000000  
 0.0000000   0.0000000   0.0000000   0.0000000   0.0000000   0.0000000   0.0000000   0.0000000  
 0.0058997   0.0010593   0.0000000   0.0014577   0.0000000   0.0000000   0.0006460   0.0012920  
 0.0029499   0.0010593   0.0014577   0.0000000   0.0000000   0.0012920   0.0006460   0.0000000  
 0.0058997   0.0010593   0.0000000   0.0014577   0.0000000   0.0000000   0.0006460   0.0012920  
 0.0029499   0.0010593   0.0014577   0.0000000   0.0000000   0.0012920   0.0006460   0.0000000  
 0.0029499   0.0010593   0.0014577   0.0000000   0.0000000   0.0012920   0.0006460   0.0000000  
 0.0058997   0.0010593   0.0000000   0.0014577   0.0000000   0.0000000   0.0006460   0.0012920  
 0.0029499   0.0010593   0.0014577   0.0000000   0.0000000   0.0012920   0.0006460   0.0000000  
 0.0058997   0.0010593   0.0000000   0.0014577   0.0000000   0.0000000   0.0006460   0.0012920  
 0.0000000   0.0000000   0.0000000   0.0000000   0.0000000   0.0000000   0.0000000   0.0000000  
 0.0000000   0.0000000   0.0000000   0.0000000   0.0000000   0.0000000   0.0000000   0.0000000  
 0.0000000   0.0000000   0.0000000   0.0000000   0.0000000   0.0000000   0.0000000   0.0000000  
 0.0000000   0.0000000   0.0000000   0.0000000   0.0000000   0.0000000   0.0000000   0.0000000  
 0.0000000   0.0000000   0.0000000   0.0000000   0.0000000   0.0000000   0.0000000   0.0000000  
 0.0029499   0.0000000   0.0000000   0.0000000   0.0000000   0.0000000   0.0006460   0.0006460  
 0.0029499   0.0000000   0.0000000   0.0000000   0.0000000   0.0000000   0.0009690   0.0000000  
 0.0176991   0.0169492   0.0116618   0.0131195   0.0064103   0.0096899   0.0106589   0.0116279  
 0.0000000   0.0000000   0.0000000   0.0000000   0.0000000   0.0000000   0.0000000   0.0000000  
 0.0000000   0.0000000   0.0000000   0.0000000   0.0000000   0.0000000   0.0000000   0.0000000  
 0.0088496   0.0031780   0.0043732   0.0043732   0.0064103   0.0025840   0.0045220   0.0019380  
 0.0088496   0.0031780   0.0043732   0.0043732   0.0064103   0.0129199   0.0038760   0.0038760  
 0.0029499   0.0000000   0.0000000   0.0000000   0.0000000   0.0000000   0.0000000   0.0006460  
 0.0000000   0.0000000   0.0000000   0.0000000   0.0000000   0.0006460   0.0000000   0.0000000  
 0.0029499   0.0000000   0.0000000   0.0000000   0.0000000   0.0000000   0.0003230   0.0000000  
 0.0029499   0.0000000   0.0000000   0.0000000   0.0000000   0.0000000   0.0003230   0.0000000  
 0.0029499   0.0000000   0.0000000   0.0000000   0.0000000   0.0000000   0.0000000   0.0000000  
 0.0000000   0.0000000   0.0000000   0.0000000   0.0000000   0.0006460   0.0000000   0.0000000  
 0.0000000   0.0000000   0.0000000   0.0000000   0.0000000   0.0000000   0.0000000   0.0000000  
 0.0000000   0.0000000   0.0000000   0.0000000   0.0000000   0.0000000   0.0000000   0.0000000  
 0.0000000   0.0000000   0.0000000   0.0000000   0.0000000   0.0006460   0.0000000   0.0000000  
 0.0000000   0.0000000   0.0000000   0.0000000   0.0000000   0.0006460   0.0000000   0.0000000  
 0.0000000   0.0000000   0.0000000   0.0000000   0.0000000   0.0000000   0.0000000   0.0000000  
 0.0000000   0.0000000   0.0000000   0.0000000   0.0000000   0.0000000   0.0000000   0.0000000  
 0.0000000   0.0000000   0.0000000   0.0000000   0.0000000   0.0000000   0.0000000   0.0000000  
 0.0265487   0.0222458   0.0218659   0.0306122   0.0320513   0.0096899   0.0142119   0.0290698  
 0.0471976   0.0762712   0.0830904   0.0918367   0.1025641   0.0465116   0.0671835   0.0826873  
 0.0088496   0.0169492   0.0233236   0.0043732   0.0064103   0.0335917   0.0155039   0.0019380  
 0.0000000   0.0000000   0.0000000   0.0000000   0.0000000   0.0000000   0.0000000   0.0000000  
 0.0000000   0.0000000   0.0000000   0.0000000   0.0000000   0.0000000   0.0000000   0.0000000  
 0.0058997   0.0063559   0.0043732   0.0014577   0.0000000   0.0064599   0.0051680   0.0025840  
 0.0117994   0.0095339   0.0072886   0.0072886   0.0064103   0.0058140   0.0083979   0.0077519  
 0.0058997   0.0052966   0.0043732   0.0014577   0.0000000   0.0058140   0.0051680   0.0012920  
 0.0088496   0.0052966   0.0072886   0.0043732   0.0064103   0.0058140   0.0071059   0.0019380  
 0.0117994   0.0084746   0.0072886   0.0072886   0.0064103   0.0051680   0.0087209   0.0051680  
 0.0000000   0.0000000   0.0000000   0.0000000   0.0000000   0.0000000   0.0000000   0.0000000  
 0.0000000   0.0000000   0.0000000   0.0000000   0.0000000   0.0000000   0.0000000   0.0000000  
 0.0000000   0.0000000   0.0000000   0.0000000   0.0000000   0.0077519   0.0000000   0.0000000  
 0.0176991   0.0370763   0.0510204   0.0174927   0.0256410   0.0439276   0.0329457   0.0077519  
 0.0176991   0.0370763   0.0510204   0.0174927   0.0256410   0.0439276   0.0329457   0.0077519  
 0.0000000   0.0000000   0.0000000   0.0000000   0.0000000   0.0103359   0.0000000   0.0000000  
 0.0000000   0.0000000   0.0000000   0.0000000   0.0000000   0.0000000   0.0000000   0.0000000  
 0.0000000   0.0000000   0.0000000   0.0000000   0.0000000   0.0019380   0.0000000   0.0000000  
 0.0088496   0.0063559   0.0087464   0.0043732   0.0064103   0.0096899   0.0064599   0.0038760  
 0.0000000   0.0000000   0.0000000   0.0000000   0.0000000   0.0000000   0.0000000   0.0000000  
 0.0000000   0.0000000   0.0000000   0.0000000   0.0000000   0.0000000   0.0000000   0.0000000  
 0.0000000   0.0000000   0.0000000   0.0000000   0.0000000   0.0000000   0.0000000   0.0000000  
 0.0265487   0.0222458   0.0218659   0.0306122   0.0320513   0.0096899   0.0158269   0.0232558  
 0.0176991   0.0148305   0.0204082   0.0174927   0.0256410   0.0116279   0.0125969   0.0077519  
 0.0176991   0.0148305   0.0204082   0.0174927   0.0256410   0.0116279   0.0125969   0.0077519  
 0.0176991   0.0148305   0.0204082   0.0174927   0.0256410   0.0116279   0.0125969   0.0077519  
 0.0088496   0.0063559   0.0087464   0.0043732   0.0064103   0.0096899   0.0071059   0.0019380  
 0.0000000   0.0000000   0.0000000   0.0000000   0.0000000   0.0077519   0.0000000   0.0000000  
